0.212841915681893
-0.960447361405775
2.21665868532832
0.306266122893572
-0.673950029251936
-0.657131587417732
-0.782844048988701
-0.818976901240269
-1.02547720799499
1.97578828943531
-0.395868756359222
-0.683768636320099
-0.547642757775963
1.62960997647943
0.278063576939439
1.32911029285824
-0.89282107012643
-0.610020665008406
-0.657761094355475
-0.664552063972553
-0.486857385307878
-0.927860217931891
-0.0458651373792261
0.582066723154653
-0.383812879087548
-0.0438885727415679
-0.478375761601964
0.714719374505387
1.36938070051575
-1.03459966429833
-0.322041609834643
1.25383221085133
-0.83153523767202
0.655043621846617
0.331392283092261
-0.584037248626258
-0.908809196851764
0.318778902852461
-0.985806748778923
1.82226143878479
1.51590168403594
0.344031927347001
-0.585657039961785
-0.593308831368323
1.796293949307
0.301443936703949
-0.00147615879302986
-0.191598596371807
-0.855202727382961
-0.441883011571255
0.132801856882738
-0.59081370474845
-0.948106483678037
-1.06850075832273
-0.511847147946155
1.73544537520517
0.274140356020925
0.32265988053373
-0.628081022059959
-0.814350617769565
-0.420466352189901
1.32982339385616
2.09535278145703
-0.520188188545877
-0.651425887837088
-0.46096309604886
-0.907994804659978
-0.400959180566771
1.3550906951231
-0.105193778023707
-0.951124339176435
1.92875062218438
-1.0641351545486
-0.578462402220897
1.59382663186263
-0.604131972518682
-0.654977612973561
1.85321811738068
-0.594849742178433
-0.622634920761664
-0.414380547994559
1.84545128341642
-0.897017476791228
0.0699765003881792
-0.433923872700284
1.27182394458253
-1.03893150555452
-0.945085095271562
-1.01093468640707
-0.381459803987691
0.7831849451966
0.370982144476315
-0.764926466229417
-0.583680462849155
-0.621589252708748
-0.80241740245623
-0.111607715995662
2.30867686007701
-0.790959992441416
-0.77375690437945
1.16200796808573
-0.695990940127453
2.22424083750567
-0.488450686019116
-0.934673299436506
-0.706977374779939
-0.16941949646377
-0.718629032022397
0.510952644513653
-1.14636441101007
-0.413733759272167
1.70865899681621
-0.591404092241494
1.78953867013073
-0.400105976272356
-0.943515787929159
-0.933553407357928
2.14772190616349
1.21445091611541
0.024992610306225
-0.260806277108118
-0.681608216747287
-0.352933889771212
0.0364972250305297
0.0920204604358486
-0.523910377421439
0.0376021113934598
1.80069865867308
-0.669447543476143
-0.666384165210169
1.71777604023452
-0.433651869745708
2.50383977271549
-0.157703324977989
2.02105713754042
-0.691744281736621
-0.575418180715542
-0.277247280657754
0.935025980457407
-0.702313321512894
0.46707595232456
-0.973674678560243
-0.861509717530056
1.47841780884774
0.435893171576865
-0.583888290359041
-0.768425645157119
-0.551542153488797
0.226328263764397
-0.210343915073631
-0.814184248697125
1.93426519303734
-0.602933682335962
-0.207571747211602
-0.908756472526543
-0.725144967589198
-0.363400049207679
-0.731941937273569
-0.77283196512441
1.12234489573682
0.476919221964574
1.46486539186342
-0.873164293513853
-1.21847144908336
-0.365730724965403
-1.10383584541615
-0.521183355372494
-0.844196505313094
-0.815386024537531
1.4429828965468
2.24337377027115
-0.689683949725793
0.49118565671499
2.08812850057989
0.0853257793389206
0.4570353938781
-0.769715334097852
-0.663766788521455
2.07420020126183
1.43361917862176
2.255627695233
-0.842607413120722
-0.752541420059708
-0.752091626142387
-1.07310816415164
-0.866956167081095
-0.940521791857669
-0.507801728619094
-1.03362412565898
1.01536917836847
-0.663704978206552
-0.847477985855703
0.18380851150609
-0.427706946456479
-1.01509281410035
1.94644579102411
-0.786892814351737
1.93660171288899
0.0732313787064862
-0.749978382507845
-0.322270010337739
0.259812460489054
-1.0573482072536
-0.351911108526536
-0.892343323841456
0.253823209895527
-0.0192085714929702
0.513015493452514
1.48444788301498
1.10212670048951
2.38115555917683
-1.00954500956057
0.758041029333759
1.62113795202012
-0.611611345793787
-0.505938771807081
-0.941063193853714
1.84003240251964
1.18033164871704
-0.691923173082163
2.5407208316726
-0.69632429172667
-0.648003675916565
1.81455058197773
-0.757379138478956
1.41774314968488
-0.51623140262879
1.95434130597633
0.258489345417962
-0.786820203350833
-0.0767498792037748
0.705479667896126
0.666190163719502
0.251636410915932
0.413466450738716
-0.681206304130226
-0.602364131601644
0.0688089705553191
0.543026501214731
0.52859708501442
-0.506456882463894
-0.761074398870635
2.35081073188467
0.0840007072909846
1.83633124575328
0.64201618192996
1.34708746197252
-0.601155866168228
-0.829852274915106
-0.595072667093143
-0.680781763559145
-0.640831941061499
-0.149803443556007
1.37743378705829
-0.569439177678581
-0.92260584312855
1.92321656496583
-0.807936812374724
-0.474588149412011
1.119184969076
0.259311378043937
-0.849020093199159
1.08161277769274
-0.588181363722551
1.14983030141858
-0.893180073012213
1.52643708952206
-0.686595478802298
-0.858059290088402
1.04843188269303
-1.12976848492067
0.22624131826169
-0.885553700873372
-0.775821292412392
-0.711252554722124
1.91520348881637
-0.431570734738717
0.549144435968625
1.361790222369
-0.96857403463739
2.05847922715359
-0.0065206068264398
1.9900191947822
2.0179065760118
-0.721433477745778
1.65298736365443
-0.70114523768179
-1.05117073921737
-0.83502791395642
-0.889860900865497
1.60550120054109
0.128469172121548
-0.635412218485118
1.71032462785304
-1.08925162118999
-0.879312969807392
-0.778953141416708
1.6511018190021
1.87943707721949
-0.646694620929436
1.24935916021908
0.104235004477648
-0.677182482928415
-0.74284793262888
-0.844784839052301
-0.846593543664204
-0.307042974247076
2.51410701871499
-0.592858622645431
0.275234345305806
-0.983589920477382
-1.07743764507406
-0.297718690610383
-1.00282277318624
-0.675943921264169
-0.735730915142329
-0.736967239195145
-0.644225939932295
-0.654599212726916
-0.366997121728617
2.22227730855978
2.15491868417445
0.391043771662831
0.0356644624305584
1.43190413074815
-0.798903537236871
-0.35527827307361
-0.481466306634291
0.883923648594114
2.18938417222323
-0.601693838713981
-1.03354118769211
-0.667129450918832
-0.690931379381666
0.452635619180061
-0.517828332707952
1.78239376648551
-0.581516527120328
-0.934121824096128
-0.39372926967777
0.306537022208906
1.14255419101304
-0.97113868971133
-0.704148341658271
-0.452843495911869
-0.867459240201157
0.875192975220079
1.9294774851427
-0.655379111833158
-0.802493626037497
-0.61954885873717
-1.00697709076488
0.424806278380506
0.408969232974957
2.11501047510537
-0.131723694705792
-0.846676198005453
0.296253383279195
-0.814119955606046
-0.110999754071781
-0.887103813287506
-0.515231314591049
0.809943522210764
-0.356070148085101
-1.00137441081333
-0.954257168601896
-0.858632162784568
-0.489549005788402
0.681739063551433
-0.125194242588184
-0.326262972253998
-0.405716197197647
-0.0250127778875442
1.44203481364341
-0.820010528060291
-1.0452156391366
-0.665195126274375
0.320692519712698
1.99741519375231
1.3177494510226
2.27318145551927
-0.467506694039327
-0.790998994572537
1.42008161422639
2.40712194014662
1.17172215706481
-0.373924803535458
0.225223967432449
0.805822445633682
-0.660415050245458
-0.0578423341804331
1.01407984964693
-0.575048179446106
1.39893332875178
-0.6852191832474
0.474496928648654
-0.312906574567751
1.65917697658647
1.92956434518077
-0.403209332172122
1.20259424639487
-0.707031287528
-0.895999242611244
2.20668213561336
-0.927990083477149
-0.431152056443939
0.47447513125056
0.318268964077642
-0.919123462905239
-0.889093751521319
1.33977406446201
-0.296721630584542
-0.917933991224641
-0.575631315000555
-0.742791821196847
-0.245328369449947
1.03999910911629
-0.50118647284726
0.40687003364569
-0.506819313798119
-0.369070389910564
0.499574756774774
-0.258767002200298
0.721428655011394
-0.678111133922062
0.411752449694118
0.99339849029279
-0.564203722887313
-0.868085775037825
1.6231618248953
2.23990396901638
2.33805277639845
0.606666983603032
-0.65733016970718
2.16149586088738
1.04930607489671
0.827220421465364
-0.604028929202533
-1.00563525692166
0.0526943708909385
-1.05851727389804
-0.498479324962115
-0.965432360564737
-0.798508297025275
-1.08716018456965
-1.12330169375735
-0.7352061382253
2.18976010968584
-1.01708226289102
-0.892692509294616
-0.598371120403751
0.561883086150792
1.23709599257652
-0.648921569121786
0.738616482937747
1.88296256324166
1.77421893185173
1.65248949767358
0.856451978349816
0.341736028975823
0.308544155982933
-0.960654178769971
-1.00198998589361
-0.688453653193471
-0.687215240383624
0.870801062185247
-0.849015325469917
1.11710816917492
-0.0511710109057347
-0.201582352866548
-0.664472704458099
-0.94517051458584
-0.759166393561201
-0.203017941219779
-0.710499792987438
1.39990253250147
-0.878108912639411
0.337947454573456
-0.66025937906676
0.224373975627508
-1.0046627365941
0.677544583140031
-0.603493700835117
-0.255793426593339
-0.518177188445891
-0.772486371705616
2.19158638139128
-0.998856619478753
0.782050222623371
1.62742848057598
1.47597170480232
-0.574377109862778
-0.226633426965702
-0.662755628056867
-0.372850276019611
2.56289050635225
-0.712768957051573
-0.734651801346978
-1.0290281709483
0.437073680678281
-0.722164519827251
2.33746782957983
0.639946579747267
1.46154456852699
-0.651682404574647
-0.576133089898549
-0.178180710167867
-1.03036714904938
1.37947721944775
-0.635947422594122
2.26610666869826
-0.421425166236577
-0.73145205503393
-0.830671521521917
1.45333177573447
-0.850091373665539
1.65059456016536
-0.930895473486383
-0.633319140820879
-0.936537693039688
-0.434847034356678
-0.614232302086916
-0.816521474675206
0.846311691151678
0.334965217002651
-0.798692641345646
1.06505015110733
-0.617096463924767
2.29535518982713
-0.625798864546585
-0.283869367892488
1.00584705096749
0.622452231118165
0.5618402159183
0.224475136287477
-0.883424446375355
-0.0620021582490167
1.19693062595042
1.19903308481414
-0.35757788821539
1.19924367758262
-0.853119277418244
-0.42507172549188
1.97917420586825
-0.87827565678772
-1.35246099885758
-0.719807576227245
1.95656660501809
-0.621657979199696
-0.932738672528082
-0.616338971155582
1.11785559554131
1.38715690542263
-0.806343222824617
-0.901570862870581
-0.303570124858985
-0.0473793192267671
-1.06726965618931
-0.567510241472554
-1.0492157782208
1.9801928845125
2.01973281736872
2.03915796920784
-0.865996320010336
0.248974106601507
-0.946253205364872
-0.923557276486212
-0.350271666010533
1.37082098523169
1.09810670598351
-0.778766982421554
-0.713332532078478
2.37083848082063
-0.980524459911164
-0.672155523141676
-0.187377075949283
-0.734120471942881
2.3416305290313
-0.724181214754029
-0.783573433436654
-0.759334633660088
1.95315800109975
0.432655070212209
0.567515554872708
-0.940964807893095
-0.785679423581334
-0.475897010147785
-0.769085065163746
-0.701820606476456
-0.714499281621728
0.408079890977588
-1.05300170398307
-0.273794822846093
-0.248515178678044
-0.118103264853551
2.60365584751815
1.90511831278066
-0.391527576126236
2.05391531000162
-0.852693162636938
-0.649483228207588
-0.640475215476287
-0.722505210767139
1.94669591864036
-0.778710545728324
-0.726698059149923
-0.433210835669119
-0.634892974096772
-0.848617381432644
1.41773840962534
-0.274553282297393
0.476372041398233
-0.57653910636999
0.846961690980686
-0.818240333157505
-1.01478224187878
-0.306570482954174
-0.849973105752723
-0.80830171640606
1.07675242687551
0.796861447776892
-0.212495713165905
-0.293052227224333
-0.740320813461174
-0.659152390101066
-1.24039103059394
-0.984583790977683
-0.841636474497445
-1.23263318360572
-0.338669242355278
0.242954530501463
-0.564999135624919
0.298101974682984
-0.525002995895681
0.807659713027754
1.21718330528436
-0.649928243891895
-0.828113381036927
-0.215491081641872
0.219511646529742
-0.603958948916972
-0.889451075903452
-0.686895213618221
-0.546672130082029
1.6324258623969
2.13771089986789
-0.698545146856367
-0.665410387897635
-0.761065853205071
-0.765356466833756
1.49022096942101
0.121676232708475
1.18587404485744
1.87568192120078
-0.880668934860433
-0.448801920410298
1.86936567257787
-0.547197940560294
0.83271979315822
-0.819392495453158
1.798137047825
-0.805067680649007
-0.511894406017278
1.41027910059922
-0.59689955312993
1.3639555055938
-1.12007338958368
-0.71407631543287
-0.725753567763686
-0.0397935456090418
-0.601935939091915
-0.404590176965708
0.450028559607686
-0.519215772389401
-1.27471923023776
-0.300634670409367
-0.747230264191166
0.0741947726419126
-1.00545472655275
-0.869665934240293
1.06930239427968
-0.528027695132666
-1.03253744482819
-0.948192426445295
-0.819592522574546
-0.130908526266513
-0.960334498426627
-0.914754437359943
-0.628149931193093
1.64726006392877
-0.628182562239643
1.12711387559217
1.15534272108798
-0.479849636066086
-0.646422728895585
-0.562082292873679
-0.40868962196769
0.859154576947202
-0.683799318518434
0.322076378736712
-1.04360912235874
-0.423186444454449
-0.843592476464394
-0.694874282465417
2.08907783024263
0.0107395724705363
1.09821186769792
-0.581531830829102
-0.360130090367676
-1.02511144327278
1.61662982635003
-0.803370698307055
-0.332923909643312
-0.970654141862001
-0.701899213370706
-0.931295761974641
0.330536793641518
0.194967067275355
-0.694302150561839
-0.881744442216505
-0.679652215441486
-0.59411201543952
-0.692567182581275
-0.756044140246653
-0.769344271512598
-0.157963073913498
-0.670056684695937
0.779149957962387
-0.767719541694449
-0.62607765176237
-0.694527778914441
-0.646690155207896
1.70223661826367
2.53817827396163
-0.203133364147055
1.85301299556783
-0.691374640477532
-1.12639978234558
-0.520455476942467
-0.857819165303596
-0.528673835965412
-0.806416779815235
0.782125663449404
-0.773596881663354
-0.816149411670659
-0.727992903512433
-0.876786028948745
-0.834348230024594
-0.769824379210614
0.0476439839498164
-0.918373096656515
0.284524640692614
-0.729170676926857
-0.574772249227604
-0.808626510416531
0.284044419673392
-0.616163849127399
-0.657612116939589
-0.625856589590083
-0.950572829846622
-0.860906339422008
-1.2270904149637
-0.742685739688362
-0.774725055590458
-1.06832613136561
1.80358313369464
-0.754118033805859
-1.02191702063915
0.227019765408329
-0.640716152294265
-1.08026395353492
-0.780506781759858
-0.732956407667446
-0.503172161129006
2.36183728637601
-0.733465574637732
0.433423409761413
-0.840875674580834
1.32011428522912
-0.846025829913877
-0.721075858265743
-0.736539308086557
-0.13603767843423
1.50661352675335
0.932155517244426
-1.07421953631193
0.93876262551644
1.04213221402891
1.02956941355754
0.603935630297027
1.50507562627622
-0.607212935632154
-0.920160352107151
-0.137136662412907
-0.186879022326528
-0.961249835039657
-0.447626612462401
1.78387064058931
0.845057327392586
1.91903308643497
-0.687203787571211
1.87394290654215
-0.933834303492925
-0.583099333798575
0.579269135637883
-0.685115377329114
-1.29494890953331
-0.760294713336562
-0.683073343729738
-0.981741536410675
-0.486371038874397
-0.00894183586026554
0.242889922313692
0.639985808422963
-0.144607479041216
-0.560276907440037
-0.618216102638014
1.83833170275012
-0.911181256518033
0.112168677279979
-0.659045916790721
-0.779303888190642
-0.462916784669299
-0.745021793339916
0.318065638170354
0.452311567293962
0.958177829207089
0.494074059849492
0.139764509153177
-0.681050108993583
-0.0178908559843778
-0.892409285521732
-0.0104645293899716
-0.848545695631259
2.09658519212859
-0.765507159853029
-0.583218410409686
-0.684538336706111
0.702607099384498
1.92923174079821
0.600533846257991
-0.716419356382451
1.95717106976028
0.0707102162572296
-0.417153110348532
1.41695436773372
-0.555443721377367
1.0972584793705
-0.0457773535046835
1.10583248390533
-0.431808715581718
1.20957341081323
-0.568164436093348
-0.472131444869977
-0.575440736788468
-0.832675913874554
0.0162939609625317
1.48792572152703
1.03057047463841
0.438885982842875
2.01778664207997
-0.672896592498162
-0.305428751171506
1.90683580455973
0.915460039236317
-0.764766499271446
2.08122221433541
1.11222783229914
-1.03114115018475
-0.566486051020296
0.423817093753026
-0.741074844228765
-0.995926756745704
-0.170205163836225
-0.662119258368713
-0.628894867409778
0.345777297266829
-0.602703446974096
-0.65592823385092
1.10340304385404
-0.502917665230929
-0.758525108990016
1.09045386813623
1.26495125815933
-0.862618655983128
-0.879574024182844
-0.862448936785443
-0.771766446605958
-0.969280402883274
2.02832407275876
0.78821869331894
-0.277774064348003
-0.819135535776683
-1.13649200486114
-0.776901144370528
-0.223884074465807
-0.509933726789616
-0.61544852506189
1.10530457317358
0.44903123744483
1.87731103163173
-0.460228303279251
-0.457003186514729
-0.827355111891301
-0.689862767438473
-0.528759280382687
1.12675309440273
-0.783140524527276
-1.1493777160384
-1.05315160657072
-0.609558587944547
-0.714423067379372
0.935334780151646
1.10138572223613
1.94932166325766
-0.148306668523733
-0.47446910055484
-0.848660792892648
-0.544134749165469
0.816305485487332
0.322663792925012
-0.821527255499609
-0.745757880047533
-0.646643283831487
1.78882640887007
0.215101418718191
-0.713347288461653
2.15805051767006
-0.995148455575262
-0.622071277650444
-0.67957836786053
0.300788306763375
1.09966044734047
-0.807283385104225
-0.760680985258478
2.07494342312937
1.52790804076941
-0.536021696801199
-0.573249601399978
-0.91413022862811
-0.565889963045511
-0.525337292152687
1.78165012104582
-0.296096764377863
-0.567648618578219
-0.748503819970791
-0.7056184288975
-0.0040149112806741
-0.453348626096979
-0.534526004616087
-0.744127149140146
0.0372323333205661
1.53112194052414
-1.00151155700935
-0.598731892233603
-0.777236656381488
-0.645781274040048
0.474267797076576
1.03079181360037
1.93931990530757
-0.576513602793767
-0.58535180849368
-0.88968039356207
-0.5239709646159
-0.641988041951731
-0.137203885999794
-0.450567928115842
-0.894683442648853
1.62963617321553
1.12234621885823
-0.84873702527486
-0.69462518025909
0.882037902404853
-0.668213260621483
-0.268946253268894
-0.85188300302537
-0.824606929351025
-0.51323628387586
-0.691326254719709
0.634778231502738
1.08772510128983
-0.845253275822123
-0.403702154854645
-0.912005043120635
-0.318172950075113
-1.21012149788064
-0.613074851850737
1.28268531858363
0.149165117018132
1.97560089463515
1.28244566864499
2.47797598708638
0.548042522910633
-0.903193381096533
1.6342562601904
-0.832897443311331
-0.741064171547375
-0.701328009992885
-0.32179183202942
-0.611965197224278
