-1.79858171372035
-0.313866127696195
-0.227816455805298
-0.954158652416129
0.209796200344651
1.18458130078283
-0.566623015026584
0.192749558103092
-0.360272255644559
-0.606358308319104
1.80884684098662
1.46553233750098
0.564077734554343
-0.729125582658135
-1.14480059259013
-1.14524726760314
0.983442138003666
1.28932187382634
-0.248253035364212
1.07169881159699
1.54478650750041
0.177001093030544
0.590166383346656
-1.48239549386978
1.87949829997105
-0.326575013103474
-0.535868422053711
-2.05864763689221
-1.35245395704415
0.914480768343989
-0.815817721952326
-0.815023752299048
0.808270147136342
-1.248456785884
-1.09564324239402
1.25304130724475
0.128943169424082
-1.58866590912067
0.858864312296273
-0.731459092463351
-0.885967648432604
-1.22822482627161
1.01109839204415
0.467067489738155
-0.838008462268996
-1.03764869367854
-0.850047045648951
-0.547403145697505
0.256388190876982
-1.00050664221888
-0.162306572552116
1.31776875453827
1.02893301527441
0.310895442846091
-0.0242533258877685
-0.826644576214373
-1.32045868907857
-0.961694797470195
0.892081424036934
-0.139453646738188
-0.907102500694637
-1.24913081932703
-0.353708056944931
1.65931569970285
0.419716082685395
-0.844132977875484
0.47515701885089
1.89446471636415
-0.858974935248675
-0.445600453173381
1.04689680396047
-0.606117215275506
-0.444071631981393
0.854534376183287
-0.939259128306728
1.26862225550938
1.39722421221043
-0.734246263360048
0.734472587069892
0.264966333525328
1.3492496010717
-0.801270253000133
0.370344948141037
-0.33785395202107
-0.75560742806509
-1.33264501178126
0.243960067611503
-0.512043946973809
0.206656924313775
-0.877962319610326
-0.958309758702013
-2.10209196068745
1.31506614263526
1.58825656765417
-0.634982995836811
0.0110266597963574
-0.244259531999992
-0.0523647374275673
0.915453214692702
0.293706677196246
-1.41503964987681
0.316190851703874
-0.191388709200151
-0.314777281956703
-0.0650843084252993
0.282432551910477
-0.644981744631545
-0.306569625705996
-1.88665699134109
0.229759011893433
-1.59216402688477
-0.73381444790232
1.48103056389576
-0.772970414854958
1.85217034401402
0.938368534515908
0.11950865065378
-0.257791075610099
-1.20823771911875
-1.12329946946009
-0.439725816051134
1.26503929107407
-0.83983077139433
-0.0578656530437883
-1.3225797872937
1.16234330864039
-0.691202712939407
-0.783704505268786
1.34605311649768
1.37116350713614
-0.800661287997975
1.72102952375837
0.218209324431383
-0.390042325437119
-0.512138614525633
1.33150152730414
1.20015490111857
-0.287545139426977
-1.17381225186293
0.830669048444987
-1.03482427458585
0.943409303774909
1.03018718993366
-0.98407583697968
-1.49581181576883
-0.367838534951168
1.13366541806548
1.62582060593718
-1.09383333081626
-0.175779407219864
1.03119460029305
-0.654632529482552
1.17662324285816
-1.13104329037471
0.480369221249575
1.1055180108238
-0.900431285449608
-0.410993632447132
1.08299408926963
-1.42584662705401
-1.00789798791655
-1.05218677492348
1.07266997343092
0.567652924740252
-0.298534953665035
0.520548693782673
0.973032280196906
0.726860807025322
0.805655050807486
-1.10974580490984
-0.176028244857014
0.569081878819059
-1.13850262792585
-0.360286408544501
-0.381346910391424
-1.79342323239091
1.20644965266073
-0.500832546746733
-0.337822877590479
-1.27300517283801
-0.121767723586306
1.18193733597281
0.837737401268678
0.427973239113475
0.488632292787272
0.26843181866949
0.244841955752814
0.66792323670858
0.755828979193696
-1.12960578905735
0.957462434094414
1.18998906624209
-0.891293840370225
0.362721146438535
0.882083967377462
-0.60486641967451
1.26787650701249
-0.60679030350908
-1.03810915828587
1.08805857785602
-0.764627749607115
-1.61877991199308
0.879347102803314
1.88234451540494
0.983923033870354
-0.905316753263261
-0.498944238198056
-1.85634871512692
-0.853570151926855
-1.22451474249636
0.026018162924788
0.391885963192726
-1.41840225194531
-0.881105381418262
1.5768109449692
0.484910726646968
1.02623322994462
-0.755958488796942
-1.35248949354819
1.34737210842149
0.295621581123579
0.383488670215688
0.585198975747445
-0.705378553248027
1.31755279639808
-1.2089527397155
0.921913383354657
-0.313481833821585
-0.804766958840826
0.242455644040788
-1.19173649166766
-1.73054996029802
-1.79636155239233
-1.01442536711443
-1.30307640834021
1.01221807031722
0.321320879345395
-1.09045891079621
-1.69761140052078
-1.34106434034803
1.56537031276667
1.33179003153944
-0.00578447372620465
-1.00353344228244
-0.771230488425673
-1.24173826710987
-1.30554535727333
1.4975786847762
0.587664007090295
-0.379363112056242
1.28884122349075
1.35338530121744
0.0105395822692744
-1.2485312457723
0.940938682679412
1.05913784476524
-0.592311053724578
0.189395038608343
1.19083926818248
-1.11851764386187
-0.962496821477896
0.407911941509059
-1.323468882866
0.717689449491295
-1.54721328571713
0.265922775404168
-1.13855393259543
0.456648015430522
1.18141279317947
-1.44557697041006
0.000665180089241024
-0.961310402844822
0.436222442139935
0.890888081269195
0.322636937687874
-0.579149813014639
-0.238463199311114
-1.3703744532974
-1.16634275682769
0.797953605642598
-0.462644672241353
-0.955582349347828
-0.549398711384997
-0.474725864277855
0.422440157095267
-0.902103000984839
1.29467389431012
0.128775126572396
1.03111892327972
0.108672027934007
-0.976586679670106
-0.822488100163224
1.49366558838295
-0.863827009547073
-0.0517040421637552
0.469059869465061
0.720968857253138
-0.95239399183227
-0.722336974023069
0.788461464777781
-1.11332692190807
-1.38823455060298
1.10534701629945
-0.0871849028967141
0.241640125354677
0.533519657418913
-0.73716235569514
0.225076459719938
1.56335246017696
-1.69171995168395
0.989450842862357
0.851103217362907
2.04247475158741
0.594127836454615
1.20022622425288
1.08454949643006
1.16245053410242
1.00526013895503
0.375655677900619
-0.633209607057896
-0.216717524219874
-0.260394630200627
-1.50308319742697
-1.12918172345347
-1.22158957163443
0.056337996482508
-0.39028701460174
1.28092029425243
-1.34602688050521
-0.240389943499013
0.69171981108862
0.909220922712338
1.48288307925157
0.768211651164787
-0.9633787192123
1.57350890674049
-0.726416887559156
0.341094111873508
1.07505531646011
0.354800120007912
-2.13203200135099
-1.0511438388584
-0.0641963714704579
0.214928839412112
1.2708930222823
0.926468514352836
-1.85400181778611
-0.640282406510576
0.263398016865129
0.491646611321895
0.940797390677716
0.0852759427666466
-1.18729608840017
-0.191397929816491
-0.310303202039696
-1.15334866440871
1.16701582444097
-1.09055429280564
1.17822681065997
-0.912579608701662
0.898178117425926
0.806288623107932
-1.65047998118327
0.873564353368732
0.716467602924167
0.531362335998819
0.997032483597519
1.73560110974311
-1.41320561756085
-0.212890128718433
1.59569815909896
1.13912783792009
-0.530987477985489
-1.22612756294739
1.24245885991497
0.554291279960598
1.37561630415986
-0.341446483325225
-0.521218956238571
-1.14417773472162
-0.144436888932886
1.7922533546529
1.29837140847783
-1.1599932898022
0.0657882410628716
-1.24116729755384
1.54375823822227
-1.15082760269804
-1.82064032269767
0.282182858142309
-1.00936416416437
-1.6681178322669
1.04836465211357
-1.33687641088544
0.440998603117861
-1.10158637599554
-1.22642133171156
-0.910417606902453
-0.546580229459201
1.89853278872026
-1.08984337167683
0.119442822133124
0.907364449678932
-0.234576192812042
1.02983141744619
1.59804693666438
-1.33111348240149
-1.20080570723454
1.09224677867909
0.121847442914237
-0.916394493056264
1.93533655144751
-0.0281204167019838
-0.867858824532631
0.883292191759942
-0.712873735889247
-1.04263925312088
1.66062877805079
-1.57107804583227
1.50150604487915
0.0232735265777904
-1.2876934683838
-0.877556599563931
-1.21435822050649
1.2798406252499
-0.911480401433802
-1.45164563686754
0.450369638665442
0.385981906572895
-0.977308157128279
-0.160724161953203
-0.0467518354912189
-1.47244068035002
1.49575402717383
-0.297748783014979
-1.11123542183552
-1.51537524710779
1.31716122293626
-0.313394537022132
-1.25524163199809
0.526688234057296
1.73233961013416
0.337994339448643
0.158093325130829
0.322602356055656
-0.327869139032614
0.0569902309997693
-0.285071061340013
0.311936508880624
0.106867215965334
0.766991544511967
-0.515500081674178
-1.05293914590519
-0.136437175948258
-0.700344932448836
-0.608547196859047
-0.882671032425325
-0.84966937098454
-1.3118884969142
-0.526556141562432
-0.409335091982651
-0.233917565058123
0.941394462335525
-0.234113987551017
-0.181637626552157
-1.48163683926154
0.306730554880521
-1.17031462945126
-0.629712952829491
1.40693489237699
1.31954927121493
1.01215431686565
0.816637304123136
-1.09473926996733
0.323030036166632
-1.22723513137384
0.185822958331997
-1.48906546723075
0.783521092014637
-1.44076915442661
0.965465754948545
-1.3010063412113
1.06498570368797
-0.633140220061915
1.70493734895028
0.510424627442901
-0.211385067977422
0.154298531811023
-1.17044350834056
-1.07682156520103
-1.15442712295193
0.813668755516492
1.78133837997613
1.46626257149459
-0.146429593254069
0.296699397321848
0.957524311840477
1.17471796076672
-0.270078841184509
-0.840527164332984
0.217086770633874
-0.0208137752854557
-1.67292619029835
-1.01664882975789
0.233594936319588
1.4697499370444
-1.26528692532321
-0.22576583844264
-1.35867018944358
0.221573442874515
-0.13038793670675
0.92634585003055
0.0271279630401647
0.800622510845101
-0.675215796514851
1.02738385264011
-0.62212550168424
0.595303413976848
-0.962533764009939
0.59850140795554
1.49897105705269
1.43947562991896
0.865112088087244
-1.48000312460052
-0.870329556156973
0.711053255589239
-1.33419648067523
0.33830139827242
-0.0689990815154337
1.27846521661923
-0.23147463065123
-1.18222395307938
-1.50603113018135
-1.62615431778339
0.347294972251841
0.0345882290521689
-1.30154403062834
-1.1273234688514
-1.07477033377722
1.96421334861084
-0.995278294710855
1.17557579711613
1.27186419688421
-0.597562114266091
0.674812021695606
-0.252738009810005
1.20830632764894
-0.529818796397433
1.04894336184033
1.06055247347634
1.56667524846188
-1.39837040814212
-1.12436664925013
1.27393691361735
0.802759662125928
1.13746838434333
-1.26195664071155
-0.344318575030714
1.26761828158762
0.324625486090511
-0.455562954917775
-0.49514002813469
-0.396847557518716
0.693974443242639
-1.81518821547415
-0.0531833306677815
1.087411327318
-1.62819767018397
-1.28512792773822
-1.20474787615346
1.07852362120445
0.902092190803061
0.0290686301750579
0.915536655223284
1.02903342491826
-0.956912815989789
0.218542437541937
-0.029385039455913
-0.0243821752907221
1.27858038224019
0.323634132202067
-0.612239544187664
-0.879873593574602
-0.584221701107914
0.0674099136730756
1.27244611022101
0.223223500858623
0.787109939122039
0.110941688367591
-0.441439237061984
-1.57021611016065
0.384827684081227
-0.568878976857723
-0.653536360234121
-0.192740558159205
0.368374687121812
-0.552116483646906
-0.310345167778232
-0.46629222480945
1.19726530787584
0.393901442162503
0.76740700408058
0.368009563664234
-0.58053750897664
1.24979366031775
1.19163650434118
1.66119694131712
1.11627737272794
-0.0362846434256799
-1.02740469567522
-0.388785050641929
-1.25537322357056
1.49991148953842
-1.22458980029506
1.25598323662183
-0.0853051608205849
-1.13980172225015
0.279874601421013
0.590678117919521
-1.38332904318823
-0.894148211153086
-0.126451378341953
-1.12772711050415
1.31375075452735
0.993276725924452
0.338276436638133
-0.373651260617007
1.19244592474492
0.156388943177543
0.735447733480388
-0.639800083654683
1.28541450494994
-0.47130735300751
1.67383885964795
-1.2939203883682
-1.44774084968377
0.876319758466617
0.895884086717126
-1.0265724199466
-0.923213119628932
1.54647291783744
-0.347701562469671
0.155223215732332
1.5185418918761
-0.957959796349292
-0.361138472567375
0.381311888027468
1.4904270364742
0.932930542001644
0.57048813593806
-0.290423555188851
-1.08731275798443
-1.44397683940224
-0.729430389283147
0.66955026617999
1.69497574370073
-0.719569538190617
1.65197706376662
-1.86473276413943
0.318129203550317
-0.723746076367938
1.26305603022836
1.67637611209627
-1.25368502799073
1.40770432372975
-1.20894847835525
0.52919766223921
1.26508322686076
0.992690211374335
-1.17904734450243
0.802225268312695
1.85746687981033
-0.652643606467825
-0.238957721151347
0.051040640961524
-1.07565168091784
1.30474669727482
-1.04425107609261
0.0638805183678065
0.744871639388152
-1.38612880475296
0.560359068927412
-0.00492917963871167
0.971739451719519
1.24310042261076
-0.0478539996459156
0.397968541679807
1.07381256022397
1.52927538784723
-0.981544165983353
0.218751904069281
-1.23794597358588
-1.02777805867495
0.0676251650811103
0.699759907369841
-0.0315580327131722
-0.599261444232967
-1.17494607897905
1.26928126763409
-1.48929748580473
0.76417679591197
0.921239699294971
1.00109790529652
1.40508201919358
-0.355048739662184
-1.20817620051071
-1.34929596540204
1.54210098239095
1.7922507318036
0.474429748035275
-1.03604063201351
1.27011122113885
-0.323335914503245
0.482226873973131
0.766472775735215
-0.0702558293871168
-0.832372463736814
-1.37590381667763
-0.787874611697439
-0.025782850742122
0.94001938968379
1.3121792319084
1.0571468724107
1.20663841960337
1.23058101584853
0.380290145662371
1.34435733323209
-1.00176001929474
1.33190076656655
1.48728793912325
0.124765254366563
0.673964844257462
-0.964620212526734
0.255731059982224
-0.263930471821556
-0.735595946860104
0.963084577998815
0.593558813598372
1.26739568156604
0.878503894267983
0.726460883156332
0.63366078650464
-1.22997322938956
0.545118907473217
1.23957717619147
1.38953975552666
0.687866785049424
0.752680778650718
0.846346531788347
-1.12611447507862
0.316384232362249
-1.39961769945716
0.0837713184966337
0.445502948348316
1.25864699473239
-1.20444166079453
1.55190557365746
1.40031632038578
-0.301598268134597
0.903118335893614
0.408326013992512
-0.634078196766966
0.119464956999743
0.475421144556482
0.701897793121843
-0.778670881032454
0.666031894986792
0.369389036590087
-0.953298618068886
0.355509519746875
0.749173483668977
0.847465046446591
0.084094078741311
1.37143870231994
0.0124682023709055
0.186591537519714
-1.60178594834594
1.09498476645128
-1.39247102150506
-0.000431839678335664
1.34958982166747
0.192376911610146
-0.639224281914643
-1.16765040960947
-1.28460513597163
0.209138922571262
-1.56207988576419
-1.21703697809499
-1.41157384453368
-1.74378417590938
-1.15081247173758
1.44107862373175
0.293220207875289
-0.644304893458546
0.214019951173815
-0.166056722771318
0.324309009346192
-0.821376648499976
-1.61499118263178
-0.647976798611704
1.17508774142541
-0.727137390074672
0.666031505157265
1.4223841746316
-1.54224888939351
1.4633379690692
0.481166703594426
0.767456742982426
-0.280499457099609
0.0492707240998344
-0.272290588097823
-1.67018792993591
-1.30853850841261
-0.902974360294359
-0.160999589063596
-0.71748389345261
1.4986244470929
-0.570537096049343
-0.165184241248585
-1.1430776599633
1.15310413668941
0.926375419902468
1.19710257984442
1.31069612491983
-0.942558847911083
-0.920371513418189
-1.4950441082306
-1.63305019781349
0.150062144196227
1.21745542211577
-1.06408268848541
0.247827937999545
-1.2278414928595
0.14362485594017
-0.408270377996668
0.734773567116602
1.22571392922742
1.0618707562666
-1.30754390931925
-0.650378357372305
-1.66967204500643
1.29680425667837
-0.589891743787409
-1.29495096370873
0.833359200856403
-0.964270028105238
0.301421545537528
-1.57904000566464
-0.0311165859737751
-1.13030788648496
0.356819341764667
-0.938030626896312
1.62770610358054
-0.0654573937567659
1.07676777323687
-0.0253096285724814
-0.875053130033221
-1.18453030019877
-1.50115488369758
-0.97500601864932
-0.550384037753894
0.158043846880162
-1.5891533238389
-0.671745404568919
-1.05365602239214
0.0238416061746393
-0.44548142084132
-1.1869835662219
0.0939596560425345
0.487585331479347
-1.69937128811352
0.520451350789667
0.107265533461905
-0.848492227933045
0.18380017617332
1.45437486341711
-0.779543210099362
1.28865126353342
0.734187508717606
-1.18568835641651
0.7759705426681
0.277807407874768
-1.53285829597838
-1.44870430322586
0.622082139540303
0.121979931207308
0.351135696513411
1.2882098277152
0.674399338268612
-0.464890714775034
-1.39566088174884
-0.359324024051183
0.0698099698866746
0.380499476861645
1.31167446739738
1.54331606792799
1.56108384630904
0.883148889332677
-1.45180905023916
-1.93683918303783
-0.65857445557728
1.67026757962698
1.69185886716831
0.878876474766058
-0.719869855177328
-0.555483975803546
-1.47048825377249
1.22742953989624
-0.328387802370148
0.805235485601681
1.54731746055056
0.00117589616743014
-1.43226302905931
-1.34960761102237
-0.618185688892131
2.0042564355272
1.16848536055539
0.130976174553314
1.42566780518342
-1.68366218154981
-0.217713355994769
0.173026784897534
1.368889089912
0.664911333699862
-0.841340745717612
-1.13402138537826
1.13210129432509
-0.228838217211428
-0.221446673731252
0.880726943480288
1.18549104880905
-1.16509710184
-1.18308978629989
0.810635278055952
-0.597162190317993
-0.372560159940962
-0.967538634622356
1.00719029004358
0.339318499091891
0.245342042597525
1.19468889332865
0.629913336565997
-0.871013059065566
2.05001284118945
1.40717209533102
1.36385641164919
1.19349883439238
-0.38829033178891
0.00558348561116414
-0.480728383838463
1.00732176611899
-1.57973609923652
-1.07595555394864
0.0459787638698878
1.43705025824067
0.493239285689587
1.47357413189958
-0.701254522286123
-1.26484275030998
-0.564880245155856
1.54030357102664
-0.467851914273703
0.193952438878206
0.868356990886162
0.366856991719876
-0.636714511530222
1.80130646229887
1.02582885894306
-0.91895278596661
-1.41288400019096
1.1724734724209
0.568116181141809
-1.60307827186882
1.46455596634894
-1.03269069857753
1.06414491823404
1.1620134816438
0.367597911232367
0.492257770929074
-1.3922314735077
-1.4199906446791
0.846690545025001
1.12281375890288
-0.204835934213311
-0.750967429232191
0.333675442014018
0.548693819340466
-1.38903616619669
-1.34605958532488
-0.580683127989867
-1.04568867471805
0.213307815609369
-1.52655403402716
1.11190023035574
-0.848452817914334
1.06341964544995
1.029992283466
1.05145713351325
-0.577711680129264
1.53912812709967
