0.703046373324469
0.00298601062968373
0.983182054944336
0.651328300824389
0.488062750780955
0.138704950455576
0.527518750401214
0.463551403488964
0.00935467262752354
0.986002426827326
0.187265025917441
0.25080182752572
0.0303465854376554
0.832840169081464
0.661441279575229
0.823592288652435
0.173343154368922
0.144466849276796
0.520754637429491
0.378461407264695
0.157072974136099
0.0550528783351183
0.527064596535638
0.725314270472154
0.205438942881301
0.578618823550642
0.552072027698159
0.816299235448241
0.883292560698465
0.237359680701047
0.58184703416191
0.763161433627829
0.378973902435973
0.71470672916621
0.663828749209642
0.369241619016975
0.0455763111822307
0.699408191721886
0.17859367816709
0.913672659313306
0.829144528601319
0.674778534797952
0.405789291486144
0.472696786979213
0.948556315153837
0.656526335515082
0.613699211040512
0.578078277874738
0.0509049822576344
0.581726756645367
0.585065424907953
0.355812353547662
0.280205169226974
0.398375425022095
0.520940340356901
0.897964750416577
0.673558397218585
0.653581717982888
0.0869357069022954
0.501498109428212
0.578253138111904
0.843024992616847
0.937380987219512
0.297664410900325
0.0323989000171423
0.57101395376958
0.0895646603312343
0.229111166903749
0.787312384461984
0.579976502107456
0.258596383733675
0.933333713328466
0.00662282900884748
0.0717793172225356
0.86582779022865
0.361034591449425
0.184945380315185
0.939234422054142
0.440179703989998
0.00905834650620818
0.395621379138902
0.978779161348939
0.073359633795917
0.589610793394968
0.568368433276191
0.841645897366107
0.0858738936949521
0.510704205837101
0.424845200264826
0.580082214670256
0.707052000565454
0.753576928749681
0.279794730246067
0.285095802973956
0.545159505214542
0.0121039447840303
0.567853481508791
0.957375898957253
0.371790979523212
0.459915490355343
0.825202236883342
0.0283787930384278
0.962875452125445
0.538914205506444
0.472716390620917
0.47357722860761
0.5857476987876
0.518755974946544
0.753860314143822
0.392493430059403
0.619878529105335
0.859375146916136
0.319369400152937
0.909684918588027
0.295365763595328
0.182315575424582
0.0491051904391497
0.929550679633394
0.805277688195929
0.633517182897776
0.565748545108363
0.337810465833172
0.580448279855773
0.570384563412517
0.653681155527011
0.102022216422483
0.607706154230982
0.922119521070272
0.322947137057781
0.182571772253141
0.880650397157297
0.179044373566285
0.984530330635607
0.572072294540703
0.966041698819026
0.317467825720087
0.119871010072529
0.5557183008641
0.748476606793702
0.0944018312729895
0.674657806754112
0.301149085862562
0.327168072573841
0.836461941711605
0.706742641981691
0.533635973697528
0.336939645931125
0.20879522501491
0.65235480456613
0.555297473445535
0.156343611422926
0.971845556749031
0.12297166697681
0.611231111222878
0.0904425692278892
0.356357130222023
0.583018010947853
0.523335178848356
0.346263064071536
0.816692903172225
0.673810354433954
0.845787093043327
0.189612285001203
0.20099818543531
0.548624191433191
0.14461601828225
0.424436124274507
0.388565296540037
0.116641467437148
0.850759395863861
0.974428170360625
0.0576344691216946
0.685203404864296
0.934736988972872
0.593586112838238
0.736112298909575
0.181541786994785
0.534104777034372
0.913237533997744
0.889778346987441
0.94828772963956
0.286551786353812
0.393346300115809
0.447763634612784
0.369621605845168
0.445375711657107
0.434021039167419
0.035288252402097
0.328678856603801
0.756941703381017
0.39609408727847
0.22251699725166
0.63451908971183
0.506969418842345
0.299954458838329
0.949117531534284
0.28700035228394
0.940708114998415
0.632870997535065
0.147678940789774
0.578862614929676
0.694481790764257
0.237832549028099
0.311211260035634
0.173277261201292
0.642578365979716
0.590911204228178
0.751033078413457
0.815414201468229
0.783638765802607
0.985421606805176
0.399940168485045
0.745317506371066
0.86197935603559
0.243377550737932
0.486519057536498
0.287689354503527
0.939919928321615
0.819465724751353
0.312765498878434
0.967686841730028
0.463599412934855
0.448373311432078
0.898687213193625
0.285101313143969
0.864647801732644
0.0679909596219659
0.850898581324145
0.636457174317911
0.463599828537554
0.627740434603766
0.770077223191038
0.770609130850062
0.6496444393415
0.688533051172271
0.116245487239212
0.488066855818033
0.6358129424043
0.739796274341643
0.705890182638541
0.168439734494314
0.227849449496716
0.972092035692185
0.631725598592311
0.945736158406362
0.712392472894862
0.861341648967937
0.31007148581557
0.411701840581372
0.533310771919787
0.167298917891458
0.167833738727495
0.550153370946646
0.859029624611139
0.0812312858179212
0.214412558590993
0.921900035114959
0.0340075735002756
0.404859212692827
0.77391105145216
0.646955622825772
0.431420679669827
0.792367484187707
0.0564501360058784
0.846634123008698
0.059368584305048
0.893162273103371
0.456664419732988
0.228497421834618
0.802158781094477
0.0724609156604856
0.643440400250256
0.420367991318926
0.379645147593692
0.468055707635358
0.910516920499504
0.539595779031515
0.711025268305093
0.836559752933681
0.342108977027237
0.973156943684444
0.619755055522546
0.957689565140754
0.937567763729021
0.454243837622926
0.880790141411126
0.323464119341224
0.426813126541674
0.16333879949525
0.460405354155228
0.880931969033554
0.624606790486723
0.208143648458645
0.897264679661021
0.0578703058417886
0.417300541419536
0.095765829551965
0.895953096682206
0.95812799804844
0.422996643465012
0.799429610837251
0.659523487091064
0.369672308210284
0.504722676007077
0.0471387840807438
0.0845027966424823
0.578646859154105
0.992792665725574
0.290327049791813
0.702260102611035
0.268078816588968
0.255917815025896
0.280222143512219
0.370305001735687
0.352939313044772
0.357190233888105
0.341352507704869
0.106465064221993
0.472214250592515
0.567338705062866
0.981121255084872
0.937102800933644
0.701595944818109
0.634973829844967
0.87368629546836
0.0167373181320727
0.554660707712173
0.390257518738508
0.7581856129691
0.958911717636511
0.0558438673615456
0.2296281484887
0.23218655353412
0.416555388830602
0.667857073713094
0.325225452892482
0.888789144810289
0.0104565864894539
0.246448361780494
0.510289214318618
0.74632353708148
0.770278310636058
0.0340957234147936
0.0180102020967752
0.398295707302168
0.151907025836408
0.823825485538691
0.955221211072057
0.0148039031773806
0.0700136467348784
0.0917826783843338
0.058957735542208
0.681074535474181
0.612530129030347
0.930356002878398
0.619920452591032
0.209311643382534
0.659632301190868
0.19399937405251
0.607086024014279
0.347626343136653
0.0533623069059104
0.779967823298648
0.0316380113363266
0.348354466957971
0.107836632058024
0.163944150554016
0.284750257385895
0.733263787580654
0.564869651803747
0.378972657257691
0.426234641810879
0.592267340049148
0.879407910862938
0.230059259105474
0.365807867608964
0.316691934596747
0.613297221716493
0.946386208757758
0.820432424778119
0.987384954933077
0.230480601312593
0.248396414332092
0.853967243805528
0.986044693505391
0.800400959560648
0.124637583270669
0.656140151899308
0.801723968237638
0.0179052532184869
0.618122587213293
0.829163671005517
0.0971227528061718
0.893033678177744
0.458800464402884
0.680455139372498
0.607036751229316
0.886243129847571
0.906394839286804
0.237489440245554
0.786435254616663
0.00743456301279366
0.342887559672818
0.975578381679952
0.204766142647713
0.15024284622632
0.698209773516282
0.669869386358187
0.265515838284045
0.458971962565556
0.791730351746082
0.179290261352435
0.47143681277521
0.562209996161982
0.388807255541906
0.582811442669481
0.751815971219912
0.307747749844566
0.70925241522491
0.154545718804002
0.530536034377292
0.697864983696491
0.591222427086905
0.720761993667111
0.335721597308293
0.659696433693171
0.79112409055233
0.0200343439355493
0.0695728517603129
0.889676731778309
0.95823068311438
0.990475754486397
0.727899162797257
0.229849786963314
0.969593940768391
0.76067808480002
0.76715437322855
0.35200108657591
0.48879325366579
0.645001150202006
0.133000052301213
0.278497043531388
0.416880725184456
0.471425062511116
0.10759252961725
0.469043933553621
0.494715237990022
0.997099946020171
0.0904952166602015
0.46009359206073
0.435418105684221
0.648603579960763
0.788625673856586
0.515395172871649
0.681231499882415
0.902289017103612
0.955525840632617
0.866289724363014
0.750078452285379
0.626913460437208
0.616319531109184
0.0122960018925369
0.28232160070911
0.517365850042552
0.514604554977268
0.771091490983963
0.444102045148611
0.779785510152578
0.595699622295797
0.432686735643074
0.168541857274249
0.208690030500293
0.105067365337163
0.609445384703577
0.468147903447971
0.862307887990028
0.0466685413848609
0.693855081684887
0.0791305503807962
0.676695409230888
0.250077156350017
0.722385070519522
0.394088158151135
0.577253386378288
0.276267646579072
0.433550597168505
0.941889507928863
0.433974715182558
0.725287470268086
0.933949236990884
0.87410033470951
0.434245714684948
0.125957116018981
0.215565589489415
0.539566847030073
0.996840612962842
0.115391324507073
0.160511610331014
0.02049416070804
0.657510278513655
0.0215396038256586
0.967436535516754
0.752528830897063
0.837663355981931
0.0106711017433554
0.328443341888487
0.622396948048845
0.474073342746124
0.890199268003926
0.493567992467433
0.966148463310674
0.0501679726876318
0.498852869262919
0.380405609728768
0.783388712909073
0.3321404280141
0.819878104142845
0.388026068918407
0.562479777727276
0.113804328953847
0.133060560328886
0.179007864091545
0.12646220321767
0.766516029136255
0.648684316780418
0.401286091655493
0.790355602744967
0.483421796932817
0.954453145386651
0.352921523153782
0.552000848110765
0.761035436065868
0.733304505003616
0.735736257629469
0.564005244290456
0.470385062741116
0.636282838182524
0.790176979964599
0.783800183562562
0.231102186255157
0.774092166917399
0.2810446806252
0.404317928710952
0.982870995299891
0.388404608471319
0.0847836951725185
0.162809642963111
0.917040363419801
0.107726030284539
0.275062165223062
0.262082335539162
0.811254274332896
0.836094961035997
0.24532914836891
0.138545681955293
0.446475097443908
0.635191630804911
0.481215077918023
0.128869153792039
0.0992825117427856
0.901741813402623
0.952117450302467
0.915150939486921
0.111599364550784
0.709088126663119
0.469188887858763
0.237187462858856
0.628390220459551
0.865409611724317
0.780381191987544
0.154714728938416
0.392865195171908
0.969129986362532
0.192879464477301
0.116667471826077
0.602570834103972
0.0238903504796326
0.979960431111977
0.502885132096708
0.284108491847292
0.0409764186479151
0.961661936482415
0.65976387122646
0.653862863313407
0.455801113275811
0.285628648707643
0.510481558274478
0.103014328051358
0.494492343394086
0.526494068559259
0.709338426822796
0.391067637596279
0.571953231701627
0.579084984492511
0.564354050671682
0.989376863930374
0.894423908554018
0.547043525148183
0.970313281519338
0.236375937005505
0.0289948780555278
0.426993937697262
0.460581115446985
0.934648877009749
0.300205315696076
0.338500699494034
0.164211084367707
0.121275423560292
0.0149739189073443
0.827100450405851
0.561652399599552
0.692443917738274
0.320535804145038
0.739857962122187
0.249579250812531
0.460321547230706
0.602398571092635
0.447219946421683
0.415834930259734
0.799572456395254
0.703513638116419
0.552347761811689
0.602939819917083
0.298639634158462
0.391862699296325
0.349489493528381
0.00041775475256145
0.281651241471991
0.116793498396873
0.0123028729576617
0.62433703080751
0.368781010620296
0.619159342488274
0.288075401680544
0.740646906662732
0.84778660768643
0.0894263510126621
0.365239162929356
0.60412862454541
0.6402316915337
0.29013284901157
0.506469838321209
0.00794484047219157
0.172264573862776
0.888093746034428
0.9924595518969
0.0365533346775919
0.261733576888219
0.12341577722691
0.427291312254965
0.74663179111667
0.64099731715396
0.83722570259124
0.959031922975555
0.1113632817287
0.32160929008387
0.945622372906655
0.281252513173968
0.814698845148087
0.0516296087298542
0.896125461673364
0.22770419716835
0.203986949054524
0.873248949414119
0.335426910081878
0.845684189582244
0.151188928866759
0.325882122153416
0.124184622894973
0.630608214531094
0.0697612836956978
0.289995141560212
0.646109765861183
0.532089381478727
0.38930455618538
0.599106428446248
0.202044008066878
0.633364074863493
0.0560147138312459
0.379608237184584
0.798331912839785
0.026311197085306
0.0527440260630101
0.194829438813031
0.269949878565967
0.555065758759156
0.0901649631559849
0.215709893964231
0.279130415758118
0.904451000969857
0.00470245396718383
0.790417878190055
0.769880135776475
0.518642295850441
0.0655478895641863
0.517058838857338
0.561733563197777
0.736896117450669
0.163896438432857
0.691932988353074
0.177372897509485
0.0498803611844778
0.340320597635582
0.210003062384203
0.932672957424074
0.637585695600137
0.799488957505673
0.194474192103371
0.331833032425493
0.384041000856087
0.907100796932355
0.231723338598385
0.552862720331177
0.395639155991375
0.414493227377534
0.473942285170779
0.645676326472312
0.668643190991133
0.547359749441966
0.477779718814418
0.395010842708871
0.355896703898907
0.12627440248616
0.17589333280921
0.1884093740955
0.528996041975915
0.323142319452018
0.710165521595627
0.239802782889456
0.199656721670181
0.494207406183705
0.0623538205400109
0.936397732235491
0.999108243500814
0.560887418454513
0.939840999431908
0.111141840694472
0.3328939860221
0.383028053911403
0.360088278073817
0.453806086443365
0.0895925704389811
0.730757665354759
0.428904196247458
0.276962122879922
0.266175851924345
0.113229629117996
0.386972341919318
0.388021713355556
0.635986573528498
0.42930394038558
0.680603059008718
0.00729897455312312
0.478610146325082
0.228668174007908
0.666310557862744
0.276498313993216
0.187075995607302
0.526400842703879
0.1757992063649
0.428997832117602
0.48595407186076
0.486111846286803
0.437522475374863
0.17135745100677
0.921862999442965
0.0829487484879792
0.099599692504853
0.642989659216255
0.477116066263989
0.18937792815268
0.385303134797141
0.00802057236433029
0.370532549219206
0.97121534566395
0.479965552920476
0.715392675483599
0.318615837488323
0.872780496487394
0.0186797881033272
0.203664523083717
0.478730181697756
0.588455164805055
0.892556498060003
0.759674320928752
0.0886116055771708
0.794532089726999
0.771372079849243
0.793310911161825
0.754074258264154
0.886318931821734
0.176541056483984
0.0680918784346431
0.588652736274526
0.535666488111019
0.0203068098053336
0.507371223764494
0.927771727321669
0.782361136982217
0.949374613584951
0.354389669839293
0.955439086304978
0.376203461317345
0.163039128063247
0.730399379972368
0.252041490282863
0.215629886137322
0.401774675119668
0.520360679132864
0.0496962431352586
0.536746666999534
0.666962857590988
0.669168658321723
0.68492664443329
0.560226240428165
0.555093727074564
0.199317113729194
0.868978214915842
0.0113243146333843
0.643705568509176
0.36632885877043
0.372997340047732
0.0934755350463092
0.203032659832388
0.651789437513798
0.664759919513017
0.789602217962965
0.726542085176334
0.567706634523347
0.152004348346964
0.625460570678115
0.443024623673409
0.636713338084519
0.463913408340886
0.977378516457975
0.405236604157835
0.125970359891653
0.375006529502571
0.726494130212814
0.962303606094792
0.745901135029271
0.31640205020085
0.950269431341439
0.649547789013013
0.0381639974657446
0.81629776651971
0.00114722666330636
0.836645319592208
0.561587900156155
0.772844068473205
0.506942679174244
0.769275511149317
0.275791521882638
0.52658875612542
0.398738094838336
0.486638866132125
0.616956324083731
0.888535828562453
0.806218937970698
0.667156697018072
0.994620316661894
0.494257434038445
0.630360752576962
0.952571391593665
0.733705162070692
0.493217783747241
0.989096971927211
0.780907270731404
0.435241529950872
0.0248045306652784
0.722648845752701
0.0615495915990323
0.440449275076389
0.597679821541533
0.00678132497705519
0.310063673881814
0.643740294966847
0.357784840045497
0.428172225132585
0.779049335047603
0.45267202029936
0.0353610946331173
0.826297373278067
0.865056393668056
0.399764658417553
0.460730728693306
0.435961688868701
0.211404569912702
0.134500721236691
0.941332135116681
0.747770016314462
0.559707544278353
0.478010990424082
0.128799774684012
0.232042409013957
0.410156411118805
0.331292474176735
0.416915869340301
0.816597284981981
0.749054047977552
0.919426733395085
0.323425913928077
0.318990670144558
0.368384745204821
0.54396528727375
0.548784882295877
0.825289908563718
0.305689201224595
0.464292954420671
0.306162579217926
0.214582382934168
0.502320982282981
0.777177790179849
0.800234206952155
0.961637586355209
0.143603457603604
0.0920031112618744
0.465394126018509
0.349025341216475
0.785384864080697
0.605931065510958
0.0345780563075095
0.251439056592062
0.438788309693336
0.943288234993815
0.653903549071401
0.354815170634538
0.923095667967573
0.020007642917335
0.0841417089104652
0.145329518942162
0.665368859888986
0.778018170269206
0.115453699603677
0.531093925936148
0.930259094340727
0.84864119021222
0.416880853939801
0.491244483971968
0.0608724979683757
0.116675326833501
0.0340209684800357
0.955471426947042
0.223025224870071
0.154640756780282
0.255463646957651
0.345083672553301
0.585810552584007
0.524298603879288
0.544128243811429
0.368599758017808
0.665646520908922
0.876173286233097
0.446942646754906
0.327824565814808
0.0652119198348373
0.206425996730104
0.651933733606711
0.774932048982009
0.920796158723533
0.191301934653893
0.539028246887028
0.450156101491302
0.0627482556737959
0.475554839707911
0.588201417587698
0.281991675496101
0.314421033486724
0.875203248579055
0.814620690187439
0.213493308052421
0.0584695052821189
0.78820929210633
0.28055003262125
0.599490492604673
0.322316135047004
0.305957034928724
0.00119355693459511
0.451470680069178
0.724589895457029
0.807399068959057
0.369117357302457
0.0712561337277293
0.493127334164456
0.578442458761856
0.359322938136756
0.0406324248760939
0.857361962087452
0.661468084203079
0.964260999346152
0.797176704276353
0.956064682453871
0.724513518624008
0.229218707885593
0.85906623932533
0.170055276947096
0.365509925410151
0.372404980938882
0.568189212121069
0.212323496118188
