0.841384851231352
-1.22310100522984
1.04376819998195
1.14285518139716
-0.122570933330593
-0.990208582708299
0.269999047059434
-0.577327158222179
-1.2730233287712
0.845357075760527
-0.789502623797488
-1.00948750524881
-0.906195960075144
1.31254809372506
1.07867294102734
1.12608826460016
-1.17106727727781
-0.954034283045791
0.302941145036565
-0.941521783227725
-0.859460666087617
-1.19808162711466
0.831747443454191
1.02060921798937
-0.780116838675554
1.0597431871579
0.667142417186572
0.689302435966257
0.871382249630789
-1.27921747231228
0.846477004275699
1.35685725608331
-1.06889087196898
1.12647327458871
1.10933449317161
-0.892607763461026
-1.18345727828229
0.939567971939266
-1.24243078857727
1.07366406774438
1.24293189781482
1.07097326256655
-0.815693439279427
-0.28638946080509
0.88677937055621
1.11750986672439
1.04091406658818
0.946177556842637
-1.14230392020954
0.754489072404259
1.19469588337028
-0.911401593803666
-1.21070211161696
-1.20915279335773
0.41677595371375
1.0821904709535
1.02274113481521
1.14611863301141
-0.967939994628656
-0.0238734004172833
0.770538374080478
1.03368698415327
1.16984715884251
-0.880186029583294
-0.985868667232337
0.733604713241346
-1.18282503478249
-0.792958311683418
1.3194147925903
1.01294778341716
-1.21441357173664
1.0613190549516
-1.30270054439678
-0.929851743429351
1.12725875124979
-0.916959605308109
-0.988428868231879
0.975093442849388
-0.63741318286603
-0.963767128895309
-0.71435690392837
0.779870025003576
-1.17440160095403
1.14318050840007
0.750391468552368
0.995759016898948
-1.28334425744311
-0.0219698509490841
-1.05863048566929
0.800873635546225
1.26060370010008
0.724712590618509
-1.0701132123998
-0.930475905372086
0.522320724593882
-1.10178346213567
0.996935139895995
1.23791793210246
-1.04822758063065
-0.585298689684305
0.990107039650571
-1.02008081105235
1.14677674790329
0.585431861406909
-0.548182704729816
-0.36158504766862
0.962332167025296
0.236356946486279
0.830818614287919
-1.284003624833
0.706119443703164
1.24628884942812
-0.930348291906103
1.06762775358224
-0.788328792529134
-1.20994821352217
-1.20245276445695
1.24752541702133
1.12562551546092
0.99648855455777
0.878323445734677
-0.992672052863404
0.822801128896291
1.11464610412605
0.968646527064614
-0.887964608123318
1.08663755987581
1.01668534505642
-0.989196306997911
-0.997197069297465
1.15148410102099
-0.818547568518723
1.25778008039728
0.967716750031928
0.975641868937914
-1.00789951178522
-0.92749650856274
0.836455239580622
1.18195575548299
-1.02492482810333
1.16596960215663
-1.22777860581447
-1.1352288976864
1.17915615848873
0.995433555677468
0.47355935041321
-1.05973948674002
-0.908847250205257
1.07725368923626
0.886215612127068
-1.11074635012153
0.881235586782507
-0.948617434986639
0.889434043084433
-1.18340949958204
-1.01407152531749
0.814515604322798
0.270846218539873
-1.05802514947074
1.00034844488318
1.17729301778192
1.12414295778452
-1.15590236684683
-1.42091094741328
0.737317358815152
-1.33312884328473
-0.684901544584606
-1.0608192793597
-1.11171856168115
1.08355557808722
1.10617333194942
-1.01523686990554
1.13705591131702
1.17695518011292
1.15038568144846
0.873629979951265
-1.07652767971808
0.415868400707424
1.26915624211588
0.889659636485045
1.24068869861001
-1.12909940183242
-0.979633917178591
-0.693650626718146
-1.26759365907777
-0.803220212393441
-0.947990994538217
-0.875610317188042
-1.266809185099
1.20339718102613
-0.904535100464278
-1.13585783338743
1.11472809935194
0.334190243020961
-1.25976706660249
0.999362803815979
-1.08628025255515
1.03205280823971
1.03587760525848
-1.06147275201081
0.846098752230379
0.917022880629928
-1.29666963354834
-0.748536196081559
-1.1707007527864
1.13778002654124
1.07338438831363
0.845840337510636
1.28444337185546
1.14275515489526
1.15933150158701
-1.15945664768029
1.06108359213713
1.16663963262731
-0.954335273497457
-0.0174917874372064
-1.20455985770816
0.961690163933426
1.03160590585372
-1.00920656760349
1.36670650802065
-0.482588804167606
-0.608118717082385
1.13946094095914
-1.06382131163895
0.997728186670093
-0.882078509454488
1.47545213504998
1.16484909499607
-0.552056188674352
0.938938453886661
0.902944847483155
0.870247372103895
1.10781744968057
1.06223650962693
-1.00871098350398
-0.0675516430824384
1.02164382929242
0.922199944373791
1.0705691342575
-0.874477307873165
-1.06943704899071
1.19983192938605
1.04828844969713
0.931012611814329
1.12730392554182
0.959306341882179
-0.940125753856559
-0.981464012018203
0.462432072740673
-1.00830744988192
-0.977636946321074
0.91057869429718
0.993665267375086
-0.922922895188452
-1.19364438545246
1.11179100237372
-1.10601975867993
-0.733541480555904
1.20226186109776
1.12460577854211
-0.89503507366177
1.08533006850623
-0.937314928948084
0.878242803733565
-1.171457708584
0.944720636647844
-0.554496359597193
-1.14387900030017
1.01308028711964
-1.3530813466785
1.11321810242332
-0.985774432289077
-1.02502585909832
-0.438453592768027
1.16011704657041
0.633714586920954
1.06239852726933
1.08915497244626
-1.21073814714764
0.970316581197324
1.01911571854624
0.991787838186762
1.10949892428425
-0.606855641690426
1.10107804248512
-1.01336672784784
-1.07839739539792
-1.12673108514063
-0.668819918878898
1.06394490362339
1.10711071824395
-0.973239743124797
1.06625592432568
-1.32197917601037
-0.995573137684846
-1.08375964691927
1.02706817933761
0.904797204599421
-0.788982373535207
1.1803701284633
0.953422927580044
-0.963584558574518
0.0672264932809966
-1.13430657988296
-1.13568952802956
0.857731204404179
1.22611824138938
-0.936947332108906
0.892930715383151
-1.2388336155449
-1.31150060831046
-0.711407305188716
-1.21278410727203
-0.979034304468613
-1.02148942876911
-1.03335081519451
-0.980327136042247
-0.340002123041741
0.79994278349228
1.05794459166783
1.21690642444805
0.984915336865759
0.999318715883142
0.96534955651015
-1.0990857781536
0.772470721073503
-0.778689209708603
1.09657009149432
1.13898823378682
-0.947688325081389
-1.27857250330052
-0.997232281383512
-0.854332010604422
1.18489451418174
-0.872060930169237
1.16214270088757
-0.932201094969123
-1.2018283443332
0.396784872193517
0.709696007377038
1.23752212656617
-1.2313074787431
-1.02634354050385
-0.736742609614205
-1.15165367599469
0.776507305141067
0.957124369149466
-0.988904209982551
-1.10183757029577
-0.9613885851451
-1.25881808368743
1.10477686454151
1.35924174873111
1.21855912255261
0.92248374353041
-1.13541202727565
1.10036914963105
-1.11054767856206
0.974057481733751
-1.14488036372447
-0.88131254454746
0.935969504180625
-0.759128369318096
-1.23212530945291
-1.21833296332517
-1.14485011465176
-0.858247422874307
1.05960499088461
0.98052628385817
-0.681002659545669
-0.586215541614017
1.06736625490017
0.945747272026125
-1.1146397405318
-1.250641539999
-0.987722565831036
1.28935927449241
1.05156331318829
1.13247708827877
1.06704468471226
-0.844019362653257
-1.09189103506307
1.05062690669155
1.17628340181958
1.11612809790076
-0.772809282729452
1.06062151672604
0.82891031841414
-0.992770127653952
0.984732820254163
0.857598967447162
-0.927224270446744
0.847453241886916
-0.529934485603287
1.1457141063159
0.819174583686124
1.07973488579309
1.19086896024248
-0.794505072829609
1.20653317083974
-1.0285570419728
-1.15458782028101
1.07250075389533
-1.19788003322936
-0.816709989687407
1.06463274376268
1.07291715733806
-1.18949406924002
-0.684522257698071
1.28655971205042
-0.713427158110969
-0.552652362926259
0.628219268276876
-0.982458555030556
0.905206364011332
1.24667768685545
-0.863860863791023
0.961454077833715
-0.874790470678566
0.613503572109244
1.0854936487205
0.889135931811811
1.14902047198614
-0.99097454121675
1.18876284434611
1.02354757981492
-0.918910006874088
-1.15219178631209
1.0356550719302
1.18103098243124
1.1020527739593
1.02730784780183
-0.989756453002478
1.06645356672058
1.21166932043248
1.01033305460104
-0.924530028786417
-0.365820616313692
0.973808662408754
-1.29835318520902
-0.865675791078208
-1.06359603346193
-0.461128806602809
-1.32036081117244
-0.741979798901591
-0.064649098742654
0.956506971487573
-1.26656962919832
-0.674569245142006
-0.675606524141298
1.35022578449086
1.22256139906421
0.255403440619977
1.34497677918586
1.17474275967008
0.836476664986648
1.17008304341659
1.11402716490414
1.26304680132764
1.27138863622343
-1.22325954520068
-1.2518761924564
0.245421269901899
0.217719689433108
1.02502475645188
-0.800442194063577
1.17264529052132
1.04256684376821
-0.389717949815116
-0.99578345851167
-1.21103114293236
-1.06856591836017
0.897579410337839
-0.436688799406125
0.995228423110817
-1.15988902775696
0.97988733475075
-0.992644709910213
0.970564712566918
-1.25585932211545
1.1076980542424
-0.863400356742
0.896563810752788
-0.880977171411324
-0.822197175047671
1.22214676674894
-0.993090872623221
1.17425993844026
0.827052548832782
0.997198335041763
-0.665364434940417
-0.6597347075533
-0.994146806931217
0.678599190096696
1.2441949692838
-1.03294171809258
-1.04968094339677
-1.27574900778362
1.21748018363351
-1.04017417483174
1.21187008208347
0.936175037852151
1.16045589864692
-0.986066420229431
-0.915687204956432
0.878951025467369
-0.602994336431041
0.846081304461161
-0.00672436818473938
1.16325187976288
-0.809299215465491
0.00447862450287107
-1.06586844739407
1.41356374208073
-1.1245580307055
1.39064808896743
-1.12850947509346
0.584645891842922
-1.20472671611577
-0.819570482753755
-0.957176713338242
-1.11258280735184
1.02803063179931
1.17569641971767
-0.993618290517625
1.08222352148984
-0.150095080366509
1.2416793552493
-0.940552194473395
0.816147458253888
1.17660530436443
1.01389885265569
0.955866549450192
1.24697020226704
-0.540196935683066
0.919465704859797
1.18431926351797
1.21637831467309
-0.759616206871731
1.26285807414043
-1.13770728904029
-0.697305418902112
0.862943535912507
-1.08732066618991
-1.52403659960008
-1.03827948035161
1.16065098786807
-0.963001422899064
-1.1993222809943
-0.957235031034517
1.02290334607975
1.11085189517161
-1.10376966053546
-1.17786128537162
-0.360995675103495
0.934759616104641
-0.528728983908346
-0.92141830080198
-1.29123508235347
1.25200382347958
1.04126664478383
1.23309763403022
-1.15057439617245
0.841006164980319
-0.604171023701491
-1.19397600647496
0.726707663904876
0.958061503448996
1.15521574469681
-1.0835604260682
-0.950689077167314
1.22938336722327
-1.23830130183177
-1.00176255685703
0.925548945810292
-1.04935249535309
1.15512607546879
0.0609509323520606
-1.08402955939719
-1.06870814550973
0.944478260849643
1.20452206184107
1.33292106681083
-0.759032121278137
-1.08549309629891
0.335799264950035
-1.07618125384998
-0.0425742805813752
0.313350848503649
0.961981530372476
-1.21563085222146
0.878456259865102
0.902772048460175
0.98479590802178
1.31121175073647
1.22939107287718
0.709312757221212
0.980422753308859
-1.13959402155729
-0.98437748348872
-0.762063827242601
-0.538319724674607
1.06880112643166
-1.07825998671019
-1.02694706311354
-0.818259584233026
-0.973153421553499
-1.13725043430044
1.17734949571929
0.857841629182635
1.09263361338609
-0.918601869466987
1.15523432764594
-1.11276310743177
-0.765683150812407
0.834403354886291
-0.773752595183527
-0.947639968041019
1.0471799118482
1.28755895475769
0.872465183970522
0.84365059133953
-1.04903249818166
-0.911454127269065
-1.41484759494829
-1.24163024682571
-1.12883709159245
-1.43203308231408
-0.745770689729903
1.19589577847444
-0.878551486251325
1.25481548298
-0.885113879647875
1.12132430736375
0.924435079815069
-0.984711101942205
-1.08459928839035
0.90063504929565
1.12056511480323
-0.945491864525234
-0.025831812199908
-1.01309885613913
-0.905337513488496
1.05034234283
0.938758672204666
-1.0220412123524
-0.994924125554288
-1.07001286804243
-0.85619894423919
1.61692991174286
1.04249686076817
0.95092112829011
0.897588242360077
-1.16183848218503
-0.82022133059741
0.956917237877449
-0.902837157499569
0.78754126202236
-1.11481285593299
1.13912012785893
-1.10321270314519
-0.878456428490363
0.95084111788019
-0.928764003472312
1.04716819108926
-1.34558324117332
-1.02249507788783
-1.0429035169063
0.957252082163464
-0.947872370084864
-0.792455545788127
1.27441160512178
0.510957452535626
-1.38974453664248
0.845357094586838
-1.05913722115517
1.03482001914135
-1.25764971108336
-1.09712974880328
1.04738781073725
-0.891137945233271
-1.27844105135521
-1.21346761674289
-1.11281784359176
0.94630251950155
-1.22300528724592
-1.18760082707525
-0.965168790558409
0.983450726884116
-0.968026078410616
1.12957155051375
1.24923765008424
0.418519993441789
-0.982024866646697
0.339290145295248
0.755090200692783
1.17862132591233
-1.01063359247885
0.976526245169829
-1.28680983331779
-0.810651348660798
-1.11575534021437
-1.01886857044186
1.18756226248312
0.970404229621822
1.06405297506768
-0.931989968760444
-0.748547921700605
-1.20869775825798
0.94725511571368
-1.10183228759489
0.782238272519717
-1.14135434592974
-0.871768788601373
-0.528752541656124
1.18441286994682
0.983643895707176
0.478554536126444
-0.436539671438715
-0.919560381157978
-0.913863799368547
-1.01742505042543
-1.06605616468133
-1.07620808932669
0.762557442723947
-0.989602524714432
1.24298602579424
-1.0742758909341
-0.966149515616866
-0.0415170610965715
-0.982230593441211
0.872763351634999
1.21437076235339
0.910513421830228
0.972032927290942
-1.01652010792138
-1.33636199718576
-0.823141936827717
-1.11261067351348
-0.463393266938249
-1.10484504366907
1.14851237314413
-0.852900724193449
-1.10967147287733
-1.04272825864216
-1.15885656642446
-1.05655616127172
-1.00486660110645
1.00474758351208
-0.961600553135319
0.999209021421809
-1.045553134881
-0.188881088312133
-1.1059269813585
1.06221907505183
-0.956182082826023
-0.990440241809662
0.380563050307745
-1.21539339237336
-0.919356804924385
-0.579803289912566
-0.205508064876951
-0.795763114782718
-1.30580684399362
1.02012739209661
-1.0646977906127
-1.27027809724994
1.11558938686581
-0.261027443575178
-1.31489114054891
-1.0185234892715
-1.04845936787494
-0.8289219581712
1.2124927124232
-0.290921955694232
0.953124947048907
-1.12207422250238
0.883864522483693
-1.1352608169621
-1.0390448741314
-0.311324933755237
0.986066277741684
0.932401357203471
1.12651236007884
-1.31043363231264
0.965326998616537
1.15521555848496
1.04087109028805
0.901183098141926
0.961070755976124
-0.951798083299375
-1.19216891665451
0.985054453650637
0.79378189890046
-1.22371656469757
0.323351231588366
0.976715940598959
0.951504670949713
0.977088077686748
-0.986551568668424
0.913448526002565
-1.15172562092446
-0.933329938569108
0.994474381886533
-1.01047548484432
-1.47947164811036
-0.962663428847831
0.279635820648283
-1.23944604427084
0.571781966261943
0.834454514596082
1.01812858231363
1.25254381440673
0.95350088804479
0.616791081514022
-0.960116967300616
1.29988692823595
-1.18527992429584
1.02460038921542
-0.953603869697233
-1.03766548680367
-0.84114386794677
-1.05743335757489
1.1500138318651
1.19813225376829
1.00377687122137
0.947271696468425
1.18964774868617
-1.00854989492911
0.991895571468849
-0.842834049491872
0.957415480280502
-0.595645227171827
0.979365427080635
-0.955621561356203
-0.933479839473733
-0.962100309882053
1.10758557844892
0.923039382345974
0.937397932315257
-1.02712185291054
1.00208347885784
0.969317356544997
-0.806020511702834
1.22840512443454
-0.912185596780667
0.885668471153091
1.03329153645167
1.19709921951499
0.330744740776018
1.293751613533
-0.919388491044976
0.500262394503388
-0.829626187841657
-0.266475780403382
1.04514904073525
0.937296082341675
0.979964547809263
1.17739952650421
0.83635303894679
-0.0241139977503225
0.754207416024482
0.9524246821896
1.23694244246607
-0.111183926365521
0.911486567711563
1.16354592921341
-1.00908335506743
-0.920661933489439
0.911673989982631
-1.05468845777891
-0.943192857296356
0.947991021910014
-0.994078741522149
-0.961422255188877
1.2038012687689
-0.918849647953396
-0.766981723723605
1.16563663418926
-0.455156408979752
-1.06808703214869
0.929938602628085
0.878476972173886
-1.04717050390326
-0.657172126956547
-0.874469830157484
-1.07788226722203
-1.22984569802813
1.09948020980913
1.07260919267808
0.849696072472684
-0.385143131955735
-1.35821745043104
-1.08150541708046
-0.522271072973162
-0.863768982654659
-0.794759360397369
0.987724010484572
0.806122193649925
1.08838684833627
-0.828430440257878
-0.827276888831834
-1.0804333912453
0.462990179387915
0.612970646449952
0.962623105385237
-1.08071137496841
-0.821970543508488
-1.28790550969415
-0.953320449333392
0.0620997549789825
1.04554180563755
1.06292861291381
0.941649699492217
-0.599584390775367
-0.850012881303582
-0.577567387194485
-0.880658579080008
0.914999406979636
1.30969925217818
-1.1164529142937
-1.05705237450186
-0.687930096189445
0.906259504245228
1.06220842553233
-1.00628181476324
1.28634749927033
-1.24974005700218
-0.963327115140574
-1.00743141838454
1.07916817645296
1.16768316796074
-1.10549904079419
0.317484893894281
1.18826402054294
1.15888547838534
-0.733943084098292
0.004592039449388
-1.18754066119279
-0.92018401555599
-0.889072186534363
0.842441905086345
-0.71256245998088
-0.921488056828171
-1.05900196736695
-1.00715099887186
1.08927582022476
0.49375559290721
0.58319952893635
-1.01628342062383
0.875633821756699
1.02961681566212
-0.89259568614705
-0.93326241620343
-1.08244887696196
-0.981216850098395
1.26933268963296
1.12953456932418
1.12943630037795
-0.928157859426748
0.51182069170922
-0.776815251630174
-0.888020792082265
-0.284155083022889
0.985381069255407
-0.828588097147704
-1.1644694176854
1.10988664067162
1.01025694325651
-1.13694742777979
-1.0190300876458
0.951976591476347
-0.995801741396553
0.868981209705248
-1.12944549166066
-1.11249406648103
-0.87978355547217
-0.611756392140749
1.06448757542043
1.01820076707108
-1.09329107576339
-0.795690912599273
-0.22565369068947
0.84912736830175
-1.38377732264201
-0.956426645740214
0.928907473575299
0.979604514493538
0.949268213929608
1.21653393971726
1.37416190237281
0.998261562542827
-1.17851421302517
1.19064898081304
-1.12507592440573
-1.01747705147112
-0.978603978184754
0.836167081407843
-0.955194763776693
