-1.61354814918963
-1.12707531581227
-0.26141752680532
0.571498449308595
0.378278040618697
0.466647791480678
-1.09533835828832
-0.383741929616463
-1.46876400483191
-1.61942046889734
1.83941059065886
0.326687776254212
1.04193893277631
1.57888339533913
0.0920350019815367
0.302896138788158
-0.771744032986652
0.714184425208761
-0.216533748839722
0.427658111527502
1.36132572698772
-0.955851502186778
2.79187378146832
-0.40296159521123
1.90275622525586
1.11346212859594
-0.299868109606338
-2.68641686993753
-1.44115236790438
-1.51669645890359
-0.453796204729679
1.88693475632612
-0.449727653660044
0.327962087766411
0.294033982083266
0.850710035302076
-0.855751028961405
-0.937741171921614
-1.26032206757854
-0.0567463626168803
1.10248240810002
0.00175728504640481
0.842199106752335
0.80199402075748
-1.33589613725438
0.37588547195433
0.187158894882641
0.355051002665321
-0.574084605980733
-1.0795432291195
1.83067733777452
0.815104255340498
-1.06223219294933
-1.69482421071424
0.544064010587868
0.00164758549034836
-0.32550765726298
0.583820034510257
0.619289234033655
-0.408508478521468
-0.853225190764351
-0.329927406242812
0.601537450769809
1.18619447480587
0.496627456386939
-0.828869776798822
-0.851471938436757
1.81266378953201
1.62785162678945
0.746869549856329
-1.07808902089807
-0.141267008557944
-1.67188585996301
0.8800021536084
0.310267525316511
0.745125596415327
0.477965497774218
-0.731433761278965
0.79389755702247
0.647904882239582
1.7421434103249
-2.06763747835081
-0.793793365210139
1.35167602692609
-0.600135471715675
-0.589500053451406
-1.53945741002836
-1.3970018172309
-1.39235270452842
-0.708187981153644
1.25201090249891
-2.4378902668673
-0.0997427623346872
0.85258470779222
-0.825921724659686
-0.296732752644505
1.11029066618648
1.06742687543605
-0.236531666330219
-0.146140854798499
-0.627853865086707
0.262467680655415
0.443618973207611
0.0782146582559266
-0.991649724227821
0.204741257323665
0.220354971059295
-0.470882810039404
-1.71172122554972
-2.10394603406833
-2.1814013769495
1.12500906310538
0.812002160854775
-0.0980536374271767
1.81714681189966
-1.0381111332453
-0.985765434532506
1.13320520652478
0.300381137483901
-0.322956190851901
0.395304083976218
0.33803934742167
-0.570294680639934
1.80557145993445
-0.631294406098557
1.1666368423666
0.58880794582878
-0.446744109115016
0.401935615451653
0.4180316353344
0.475985105853858
1.64088540326822
1.20336211768534
0.729890277506485
-0.727695449748476
0.284781052351397
0.895997517426818
0.637485113806879
0.69286052895373
0.229247762104482
0.652226753765263
-1.19657608960783
-0.607223653788022
0.665827996751271
-0.562643028313305
-0.250343957654032
-0.118128625490792
1.02145019600435
0.117852160172193
1.00280323435024
-0.358559720980205
-1.37385047818412
0.751421816121717
-0.81488741483588
-0.855473997621042
0.109282613405115
-0.709465847583456
-0.690837416726988
-0.14128091281718
-0.557510906184101
0.73170718071087
0.289148658446985
-0.668460716426944
-2.48282066780359
0.404949943210581
-1.8804866444827
1.18096553354002
-0.516254212901882
-0.364874255504601
0.0112895318711139
0.165709519831592
0.295606729800276
0.433457857588055
0.6501899136541
1.30210403511811
-1.41363668445877
-0.124905085016921
-0.685409369472507
1.28127834228497
-1.31608114680272
1.08639611662764
-0.507904587976993
-0.0346675636200562
-0.0323041950746952
-1.71903307079977
-0.635841131831015
-1.02237967075148
1.25127710187574
-1.51157065073626
0.837713739740778
0.432108985088694
-0.533496215512319
0.478695828309641
1.44381999491142
-1.41420090615911
-0.565332002157308
-0.215161344510908
-0.341583072472492
-0.0483259375897088
-0.0212005021561687
-0.35723362924794
-1.08619319907421
-1.63622495585046
2.07037885904822
-0.769233793298894
0.582573362919702
0.840469208833589
-1.60826862258139
1.3869873039507
0.419032952874574
0.529541845633828
-1.38505087491101
-0.133593119097275
0.579836188004593
0.705826453281828
1.26106570363607
-1.025224378958
-0.823171541795545
-0.343660219218952
0.283841097045623
1.94890133093983
0.260716139218782
0.514608908996802
0.393626742740853
-0.0600865635288323
-0.576280629004616
1.20698475901615
2.69357923449052
0.807606883904198
-0.214779821886937
-0.668312547751477
-1.22083922572404
-1.44470356120889
0.339614971963298
-0.0839765029101353
0.340151131508931
0.754414427267928
-0.167934064348788
-1.08248899142183
-0.0476208873219621
1.25834337596072
-0.0795027046554552
0.806745822567406
0.0457803565152079
-1.03314490416196
0.335321216825953
-0.839227465094916
0.760763060296999
-0.440884801212438
-0.298457577495951
0.342381810478307
0.552291616386586
1.48941213177915
-0.604041096801748
0.927413210627641
-0.928243249479179
0.204196035724719
-0.32573358900085
1.4257924195668
0.827320247834978
0.468021238537158
-0.541598966236022
0.0253132845643266
0.828935460569591
-1.39389842147467
-0.773630354911603
-0.93923421008241
0.31183459494642
-0.589093947338865
-0.469770530399378
-2.01674545578042
0.409410578064947
-0.733558830299877
-0.156987843951946
0.182278023802671
0.534977134164797
0.35475428419987
-0.107871718224201
0.0498233563513323
-1.16977559065901
-0.764146160901363
-0.0377217848871876
-0.617182667954481
0.188490669369541
0.128784029530525
0.130985906779616
0.235385267478533
-1.60376646078287
-0.468079349740845
-0.756190307934314
-0.123168312575758
0.512628310941302
0.580768661914182
-0.107412573235946
-1.80385622448983
-0.700767929993304
-0.173443632126445
-0.375624708998271
-1.21258035934062
0.521487124245137
0.675370277308812
-0.758496346689239
0.361293641654789
-0.138438658355691
-0.519345516274093
-0.528849058725439
-0.270157999505303
0.986654702150768
0.804359568830843
-1.25996092683106
-1.2486741059753
-1.74178161993695
2.3551240522753
-1.34972998374338
0.367801461271828
0.0536604840110764
0.0471644215571899
0.534458404630421
0.479953739958114
-0.214748295347274
-0.164388355310481
0.923629479744576
-0.629702971705933
-0.31459907347406
-0.797954212043085
-0.278269722771793
0.262128335775946
1.38965226781467
0.106307110164578
0.390313098945965
0.757936371575923
-1.51113486675928
0.414115653518439
0.289052314772174
0.799128664479132
1.19859395119753
0.548901834698737
0.863954754026164
-0.988752087281655
1.51360131997402
-2.53890228980371
1.06911018446417
-1.183251151128
0.219605948988131
1.54004614362343
-0.638484447229879
-2.08977712929634
-0.854431607805806
0.475855887707854
-0.297133256980918
0.664120090220061
-1.37155816575011
0.219930482460913
2.3820734723215
0.934947818012557
-0.700998950257689
-0.52928335243801
0.246868309432182
-0.358221903452469
-0.171682211694753
-0.741703642357707
1.21223955798067
-0.995944169301227
2.04852586617059
-1.34211980062931
-1.09454996053506
-0.592104013190086
1.34718304756333
-0.139657377024638
1.13664584217962
2.20514279466257
1.78766882396617
0.765548084387997
-0.932151077683369
-0.389172952625014
-1.57247636175444
0.424279245877465
1.89310974445116
-0.208049800607294
0.34671228324908
-0.102105157591078
1.46300076818752
-0.236736596646843
-0.2141231851757
0.645567067369039
0.235620210217739
1.95471150040303
-0.011949404140577
-1.73027865969205
0.44939537327743
-0.253907519716999
-1.53488537579319
0.897941628559166
-1.60496938725847
0.319066114756503
0.501311857242699
-1.23095450250294
-0.0151190685762566
0.745463746933008
1.80084073608111
0.855316731899726
0.204457981609935
-0.78844322031019
-0.0647589325687748
-0.956533859446334
1.65402026325444
-0.0804034066442287
0.0272023536279442
-0.909945652366776
-0.752159447222763
1.40265051129505
2.36036294104672
-0.903695768036939
-1.14297789159082
0.0165601084204741
-0.0823108258079579
1.13503480645211
1.28603588097122
-0.797354722154723
1.25643903981438
0.979928392081377
0.0627729856929886
-0.428446310602617
0.478414928830306
0.356414196950264
0.85163842410258
-0.397463556893052
0.954922051227409
-0.641776472018414
-0.316831644922498
0.678070220514219
0.137503142296159
-0.358378643188667
0.465604373331892
-0.106146382770817
0.893634400082287
-0.485426553014332
0.745667020660559
-1.36450771936557
-0.553590019025125
-1.64236762525634
1.30026014660267
-1.15326817827047
-0.276192997747341
-1.79286711295948
-1.98276675967927
0.0564178384600268
-0.858669599257342
-1.42465413932524
-0.771068531130415
0.775395051289193
2.00385151077807
0.96484744619206
0.0054757481467123
1.86365306730746
0.635099542975233
-1.68019123292262
0.603370062176388
0.22753353891471
1.55764294624897
1.73027429235243
-1.12816200381393
-1.34535423917109
-0.266793943822052
-0.16983326921457
-0.385410074590171
-0.541573914982791
0.623974368130195
0.515670304262596
2.86025670956635
0.428075093111766
-1.04680562372409
-0.0694774029360562
-0.732463917452046
0.186233287174175
-0.593371072992107
-0.694441408606426
-0.655116117414291
0.450213322015697
-0.689758215448643
-1.35939777042368
0.194665011159763
0.748479290545553
0.0447713072782848
1.19676094580069
-0.13946504874253
0.959492449920241
-1.32889047801117
0.648696895043509
-1.7446780316536
-0.579971321824762
0.901467653887455
2.72862993945348
0.437097190121918
0.664239072391914
1.11037817105354
0.174310335869334
0.0593305108891267
-1.48742195867788
1.05629807461596
0.124942888523158
0.88914113913795
-0.990327387943198
0.53781476460181
0.495279631159522
0.892241144094848
-1.02622399788448
-1.49445740003258
-1.61434961137783
0.57795651949105
0.556379860137407
1.70512861638014
0.0761430543633103
-0.445189398466578
2.27257371240329
-0.547227834168649
2.11375071205682
-0.971799755883346
-1.45492655359334
-1.00144587537227
1.6346056063672
0.692055067268352
-0.370840292475904
-0.364203924640694
0.808903943194601
-0.27716160481716
0.0041922539480686
0.677005797512311
1.09317298290357
0.631280457291595
0.724465590485833
0.653580068798503
-0.452504146369622
-0.850638652495995
3.0022423722194
-0.722371010918843
-0.87065243636512
0.702987900315286
0.922924021612973
2.04060369234548
1.24204270927903
-0.5631374590256
1.68596836740635
-1.49905127380638
-0.695317538451809
-3.18684683434045
0.137327063037151
0.538619964791234
0.653038061834276
-0.981484543672232
0.680985919330518
-0.402942302927079
0.198333949187339
-0.317360333445577
-0.81771838736008
2.32437864840069
-0.75807369244161
-1.68835558598146
0.93754849031857
-1.59349443808811
1.16390548481461
-0.278527710604106
1.03447593090965
-0.630797772443462
-1.62161132345993
-1.05249444527765
-0.933242400387877
-2.12677350528485
-0.847780597550529
0.504621130126413
-0.172465490144884
0.171349123100006
1.00900823481099
-1.23256714498663
0.38770697936625
-0.425087178996775
0.0621222943092902
0.500759521015742
0.0198362432618065
-0.19772020059439
-0.0703613930089921
-0.940989472789663
0.959258726074228
1.86116444266871
-1.02470742602539
-0.208785781237226
1.07556362864157
-0.121593440024352
0.231836652647687
-0.702665754229647
-0.793815265684541
-1.61338696557025
0.123806719428494
0.0230147539336437
1.19079412455697
1.56906813469534
1.00915606132516
0.32118357962301
-0.694974724122602
-0.560898508626161
0.506834843561144
0.554165972608288
0.123152783721792
-0.0900581035665179
-0.172168952774218
0.101122147908957
1.6432027446637
0.583496946596377
-0.539482983148707
0.653658815728688
0.457252943441124
0.118439691336529
0.890107796976201
0.512467985775719
-0.379871753139448
-1.41256905523527
-1.04572649656781
-0.546606414771207
-0.327650917529591
-0.236242851885039
1.4397804142182
1.08812269128198
-0.992427092751355
0.029543614272687
0.456029814415513
-2.59799352247019
-1.25389623590663
-0.502802949841486
-2.55723118477368
2.13995607827206
1.12300959789066
0.950742685139417
1.58238190932636
1.16089585736289
0.280118175379816
-1.07775581401769
0.504496581459367
-0.431748067839341
-0.623837232395785
0.479160492117286
0.746034720621187
-0.965973882905023
0.310259687397379
1.04703893718446
-0.216300325428333
-0.980145081882722
0.249047019305854
0.423148188898162
-0.0794578028539484
-0.102002130155475
3.67047365297737
-0.0599798062060391
-0.896314385665337
-1.26192170130704
-0.707892626507764
1.56128194083251
-0.855843563664553
1.0442761520571
-2.01397789363706
-0.385925601410477
0.391301565342126
-0.31065820578216
1.22977279811197
-0.897252949988401
0.783127160758436
-0.23769494926469
-1.96580416359898
0.167441035158754
0.106084823364619
-0.568073374315032
0.756664294751419
1.79358531304066
1.49782178177416
0.140129989107064
-2.77836543087701
-0.906694765163538
-0.00676096409561238
-0.0594160141553946
-1.36355915207964
-0.650079160009423
-0.234750492772
1.14500307010948
-1.50586086410856
-1.06268376515833
-0.386976611192297
1.42777392495869
-1.12648229575445
-0.886989322478815
0.618927162268198
-0.674182264065122
0.618755707773041
0.328255940188267
1.14934871042654
0.787468322182334
0.522915736451288
0.407260668729865
-0.250203238265155
0.673556688323486
0.326526561663139
-0.675544758527932
-1.56403518219607
1.69587426815655
-0.513080442144803
0.268334975638212
0.722790908725341
-0.531121508352461
-0.12075250075948
0.863874343192334
2.02719356371583
-1.46684215394378
-0.921925020350734
-0.301741689718794
0.438483587234526
-1.18070517373319
0.231423625583145
-0.973903006251546
0.884170319662803
-0.580499966037401
-1.28005465933959
-0.713543703940691
0.348316836251096
0.797773821468647
0.2804572545024
-0.0530720337434417
-0.122955397374249
2.13960383134381
0.398734982577121
1.12881797752879
-0.114418520375584
0.629815615480133
0.270155621853502
0.521510588648307
-1.43181795070329
0.906249459786952
0.857576230226015
-0.752381611651242
0.286723271868279
-1.99904515927117
1.18479005165849
-0.587832250945214
1.1416080288224
-0.317746826617726
0.46990235268138
-0.145300041618949
-0.368885348293741
0.0943186000626094
-0.687490532697945
-0.464508061727816
-0.125478044720467
-0.284829777422668
-0.906002975684318
-0.501711952452219
0.0881301823583679
0.899391458745855
-0.329357494516313
-0.0360459283597862
0.681906069374949
0.464122927730106
-0.233853368945782
-1.07519120535998
-0.604053302241225
-2.52810761382646
0.0171174963502418
-0.151227846932306
-1.6939066619397
-0.423185052100183
-0.0429516225909366
-1.45005758287203
0.428266034558651
0.552900009519193
-1.75663199531695
-0.181606981110064
0.0682386795857397
1.27560240678394
0.893401385825715
0.0655633450479175
-0.858975070341048
-0.498805451158223
-1.35566378604893
-0.525866099711047
0.130663082576316
0.0494129155511543
0.307063950049598
-1.02355008846138
0.310966944397662
-1.7248725939784
-0.796176936462288
0.505629988373353
-0.279044541914433
-1.23016565454594
-0.827302497708971
0.728937179828554
-0.915393817027192
0.29481753435482
1.76916133051428
-1.13129178222446
1.32599316951307
-0.720317375262984
-0.889843843641677
-0.717788986411711
0.30863833604884
-1.1533660532512
-0.987241357314918
0.855638155306839
-0.584237482146135
0.319611545969889
-2.88465897084871
-0.0754059745852166
-0.336627659465494
-1.23896207432086
0.160145370047246
-1.59686210077715
-0.345910259053422
1.22436994008164
1.1867495800571
-0.829188159942798
0.671122839083673
1.49177879235502
-0.86821462837236
-0.198651748537522
0.456589261004048
-0.175286573662511
1.48711769599254
0.00484308465246811
0.618391300803369
0.898881592113861
-0.532671733280151
-0.905525016326979
2.43589526232913
0.340971833298495
-0.284364373541268
-0.76958037815556
-0.613958578552276
-0.539106321834229
-0.702213558645381
-0.102793921969549
0.855012486736525
0.322643511510738
0.191748614340523
-1.08772570461535
-0.980307166385233
0.155129909846728
-0.54671135221997
-0.607866074434738
1.7275754350698
1.00341012423154
1.0009500458904
-1.34291837151632
1.66143148254446
0.792113692731792
1.42314384981085
1.45410110038883
0.934111131719916
0.567714643300638
0.895879000232149
-0.455721150134081
0.173833594842019
-0.990034273889123
-0.696621721300193
0.749826169961116
-1.6810491269956
0.383813151682944
-1.95570381890849
-0.886596659069191
1.07393284234396
-0.0989022421270852
-1.1668052982871
0.561585155535751
-1.49852426235992
0.942929931476643
-1.14714523440647
0.025581682975415
-1.31349599365098
-0.174641921902047
0.440440890528455
0.615013016800653
1.02766896481748
0.752631550160597
0.472970615910335
0.576078422542653
1.27693961384094
-0.0661078780807889
-1.03969731023171
-1.39248515030583
-0.613050389450297
-0.702139597496603
-0.612158627694733
-0.1356823200972
-1.1734870870343
0.11991560508728
-0.0553680722275923
0.504038831348496
-0.384575448832998
-2.0520730912363
-0.162661749385581
2.74307596232781
1.24007486631643
0.685664622639142
-0.643914262367242
-1.87963496906051
0.0440125631709246
1.50124388157963
1.51818972994009
-0.427763866678145
-1.14553392070809
-0.45692078809697
-0.815966752004479
-0.195445551560623
-2.11977895231663
-1.6141746041907
0.716612333537893
0.0895890745996402
-0.245701291130629
-0.128488648852664
-0.960349228472293
3.14018507622405
1.42641794230858
-0.539711081562518
1.06037119005597
-1.13996599599033
2.14476571014189
-0.397142348794968
0.000975437482405559
0.521756866626771
-1.20256299017033
0.00812925332822075
0.171271588098981
1.39892645202253
-1.30940653749294
0.650866452746803
0.348704856282626
0.0827799334712992
0.590192133690171
-0.322300262318768
-1.09600064424762
0.727596548453295
0.526902323070438
1.10299989628384
0.907391962627506
-0.883709519827547
0.94606197821099
1.15913935237646
-1.6393627987247
2.36364619829199
0.936821410457478
-0.0134526545663315
0.211881616118489
1.08738735623276
0.741425979904247
-0.334680395059853
0.00954384622260778
-1.3111273397195
-0.358098527069436
-1.34284041287704
0.773499434737058
-0.164424642352243
0.526286156037826
1.43440318157511
0.329427358223719
0.324968839177042
0.890241801344687
-0.434672167025696
-0.755241861842226
1.1663184968663
0.546217073414754
0.309248474913962
1.55200274228976
-0.781529564692925
0.191304579190048
-0.489623051463498
-0.54011163214206
0.269643842424402
-0.887107492954436
0.408420952763803
-0.752774215175396
-0.556641657501755
-0.413323991165209
1.22272212045592
0.286977506916105
-0.102268749608187
-0.434970447471473
-0.521806840637663
1.79825127992917
-0.872543080291567
-0.321942952559801
-2.4389472153894
0.698136700157689
-1.04725265653634
-0.586118923490339
-0.908206246290114
0.923017928422514
1.99993385705993
-0.555505410783619
-0.826243643909401
0.74419115484704
-0.456885140314002
0.0256377608335612
0.234424920274248
-0.00508514018638415
0.703967198835852
